0.25                    0.0018264205410151622  
0.35                    0.0026664994501960134  
0.45                    0.003445472332899801   
0.55                    0.005344194122809881   
0.65                    0.009439210832966014   
0.75                    0.07791134346270703    
0.85                    0.01930396598708956    
0.95                    0.009132764231550508   
1.05                    0.005094506689500992   
1.15                    0.004749403109087383   
1.25                    0.003375604699642064   
1.35                    0.0011653852917526855  
1.45                    0.00032390846831043614 
1.55                    0.00008234545634291322 
1.65                    0.00002567717600677413 
1.75                    0.000011610131995010834
1.85                    6.3159685427137e-6     
1.95                    3.0005150511970342e-6  
2.05                    1.592293190890118e-6   
2.15                    8.763630170793066e-7   
2.25                    5.079293152332484e-7   
2.35                    3.079863791516644e-7   
2.45                    1.9202341491086606e-7  
2.55                    1.2293249294371992e-7  
2.65                    8.131489114384882e-8   
2.75                    5.565302054153396e-8   
2.85                    3.8201019101274073e-8  
2.95                    2.6273431989676784e-8  
3.05                    1.698410634667369e-8   
