0.25                    0.06428019502583093   
0.27                    0.05996604202909048   
0.29                    0.05335411480356805   
0.31                    0.045908149278511536  
0.33                    0.03832555594342429   
0.35                    0.031011576253123754  
0.37                    0.022654935740697595  
0.39                    0.01686976784111553   
0.41                    0.011718773057285392  
0.43                    0.007630515873794265  
0.45                    0.004548604680868379  
0.47                    0.002392419350780808  
0.49                    0.001008220944474372  
0.51                    0.0002897632686525444 
0.53                    0.00003125610585961011
