1579 20000000 0.250000 1.000000e-05 500.000000 600.000000 Brem 
76086 20000000 0.250000 6.309573e-06 500.000000 600.000000 Brem 
444680 20000000 0.250000 3.981072e-06 500.000000 600.000000 Brem 
1089583 20000000 0.250000 2.511886e-06 500.000000 600.000000 Brem 
1248438 20000000 0.250000 1.584893e-06 500.000000 600.000000 Brem 
812903 20000000 0.250000 1.000000e-06 500.000000 600.000000 Brem 
398322 20000000 0.250000 6.309573e-07 500.000000 600.000000 Brem 
171707 20000000 0.250000 3.981072e-07 500.000000 600.000000 Brem 
71019 20000000 0.250000 2.511886e-07 500.000000 600.000000 Brem 
28661 20000000 0.250000 1.584893e-07 500.000000 600.000000 Brem 
11310 20000000 0.250000 1.000000e-07 500.000000 600.000000 Brem 
4615 20000000 0.250000 6.309573e-08 500.000000 600.000000 Brem 
1739 20000000 0.250000 3.981072e-08 500.000000 600.000000 Brem 
775 20000000 0.250000 2.511886e-08 500.000000 600.000000 Brem 
294 20000000 0.250000 1.584893e-08 500.000000 600.000000 Brem 
0 20000000 0.350000 1.000000e-05 500.000000 600.000000 Brem 
2189 20000000 0.350000 6.309573e-06 500.000000 600.000000 Brem 
86702 20000000 0.350000 3.981072e-06 500.000000 600.000000 Brem 
498317 20000000 0.350000 2.511886e-06 500.000000 600.000000 Brem 
1140151 20000000 0.350000 1.584893e-06 500.000000 600.000000 Brem 
1221739 20000000 0.350000 1.000000e-06 500.000000 600.000000 Brem 
766293 20000000 0.350000 6.309573e-07 500.000000 600.000000 Brem 
370419 20000000 0.350000 3.981072e-07 500.000000 600.000000 Brem 
159183 20000000 0.350000 2.511886e-07 500.000000 600.000000 Brem 
65183 20000000 0.350000 1.584893e-07 500.000000 600.000000 Brem 
26171 20000000 0.350000 1.000000e-07 500.000000 600.000000 Brem 
10430 20000000 0.350000 6.309573e-08 500.000000 600.000000 Brem 
4209 20000000 0.350000 3.981072e-08 500.000000 600.000000 Brem 
1628 20000000 0.350000 2.511886e-08 500.000000 600.000000 Brem 
684 20000000 0.350000 1.584893e-08 500.000000 600.000000 Brem 
0 20000000 0.450000 1.000000e-05 500.000000 600.000000 Brem 
37 20000000 0.450000 6.309573e-06 500.000000 600.000000 Brem 
12542 20000000 0.450000 3.981072e-06 500.000000 600.000000 Brem 
185621 20000000 0.450000 2.511886e-06 500.000000 600.000000 Brem 
741599 20000000 0.450000 1.584893e-06 500.000000 600.000000 Brem 
1266354 20000000 0.450000 1.000000e-06 500.000000 600.000000 Brem 
1077396 20000000 0.450000 6.309573e-07 500.000000 600.000000 Brem 
601119 20000000 0.450000 3.981072e-07 500.000000 600.000000 Brem 
275475 20000000 0.450000 2.511886e-07 500.000000 600.000000 Brem 
116175 20000000 0.450000 1.584893e-07 500.000000 600.000000 Brem 
47525 20000000 0.450000 1.000000e-07 500.000000 600.000000 Brem 
18941 20000000 0.450000 6.309573e-08 500.000000 600.000000 Brem 
7541 20000000 0.450000 3.981072e-08 500.000000 600.000000 Brem 
2937 20000000 0.450000 2.511886e-08 500.000000 600.000000 Brem 
1174 20000000 0.450000 1.584893e-08 500.000000 600.000000 Brem 
0 20000000 0.550000 1.000000e-05 500.000000 600.000000 Brem 
0 20000000 0.550000 6.309573e-06 500.000000 600.000000 Brem 
472 20000000 0.550000 3.981072e-06 500.000000 600.000000 Brem 
45617 20000000 0.550000 2.511886e-06 500.000000 600.000000 Brem 
362939 20000000 0.550000 1.584893e-06 500.000000 600.000000 Brem 
992120 20000000 0.550000 1.000000e-06 500.000000 600.000000 Brem 
1270333 20000000 0.550000 6.309573e-07 500.000000 600.000000 Brem 
893686 20000000 0.550000 3.981072e-07 500.000000 600.000000 Brem 
454367 20000000 0.550000 2.511886e-07 500.000000 600.000000 Brem 
199861 20000000 0.550000 1.584893e-07 500.000000 600.000000 Brem 
82780 20000000 0.550000 1.000000e-07 500.000000 600.000000 Brem 
33855 20000000 0.550000 6.309573e-08 500.000000 600.000000 Brem 
13636 20000000 0.550000 3.981072e-08 500.000000 600.000000 Brem 
5266 20000000 0.550000 2.511886e-08 500.000000 600.000000 Brem 
2106 20000000 0.550000 1.584893e-08 500.000000 600.000000 Brem 
0 20000000 0.650000 1.000000e-05 500.000000 600.000000 Brem 
0 20000000 0.650000 6.309573e-06 500.000000 600.000000 Brem 
0 20000000 0.650000 3.981072e-06 500.000000 600.000000 Brem 
922 20000000 0.650000 2.511886e-06 500.000000 600.000000 Brem 
60875 20000000 0.650000 1.584893e-06 500.000000 600.000000 Brem 
442496 20000000 0.650000 1.000000e-06 500.000000 600.000000 Brem 
1091458 20000000 0.650000 6.309573e-07 500.000000 600.000000 Brem 
1245644 20000000 0.650000 3.981072e-07 500.000000 600.000000 Brem 
817402 20000000 0.650000 2.511886e-07 500.000000 600.000000 Brem 
403386 20000000 0.650000 1.584893e-07 500.000000 600.000000 Brem 
175581 20000000 0.650000 1.000000e-07 500.000000 600.000000 Brem 
72647 20000000 0.650000 6.309573e-08 500.000000 600.000000 Brem 
29190 20000000 0.650000 3.981072e-08 500.000000 600.000000 Brem 
11701 20000000 0.650000 2.511886e-08 500.000000 600.000000 Brem 
4661 20000000 0.650000 1.584893e-08 500.000000 600.000000 Brem 
0 20000000 0.750000 1.000000e-05 500.000000 600.000000 Brem 
0 20000000 0.750000 6.309573e-06 500.000000 600.000000 Brem 
0 20000000 0.750000 3.981072e-06 500.000000 600.000000 Brem 
0 20000000 0.750000 2.511886e-06 500.000000 600.000000 Brem 
216 20000000 0.750000 1.584893e-06 500.000000 600.000000 Brem 
36152 20000000 0.750000 1.000000e-06 500.000000 600.000000 Brem 
322166 20000000 0.750000 6.309573e-07 500.000000 600.000000 Brem 
915249 20000000 0.750000 3.981072e-07 500.000000 600.000000 Brem 
1270093 20000000 0.750000 2.511886e-07 500.000000 600.000000 Brem 
945172 20000000 0.750000 1.584893e-07 500.000000 600.000000 Brem 
493993 20000000 0.750000 1.000000e-07 500.000000 600.000000 Brem 
219868 20000000 0.750000 6.309573e-08 500.000000 600.000000 Brem 
92559 20000000 0.750000 3.981072e-08 500.000000 600.000000 Brem 
37304 20000000 0.750000 2.511886e-08 500.000000 600.000000 Brem 
14975 20000000 0.750000 1.584893e-08 500.000000 600.000000 Brem 
0 20000000 0.850000 1.000000e-05 500.000000 600.000000 Brem 
0 20000000 0.850000 6.309573e-06 500.000000 600.000000 Brem 
0 20000000 0.850000 3.981072e-06 500.000000 600.000000 Brem 
3 20000000 0.850000 2.511886e-06 500.000000 600.000000 Brem 
5848 20000000 0.850000 1.584893e-06 500.000000 600.000000 Brem 
159662 20000000 0.850000 1.000000e-06 500.000000 600.000000 Brem 
670138 20000000 0.850000 6.309573e-07 500.000000 600.000000 Brem 
1201649 20000000 0.850000 3.981072e-07 500.000000 600.000000 Brem 
1121836 20000000 0.850000 2.511886e-07 500.000000 600.000000 Brem 
663449 20000000 0.850000 1.584893e-07 500.000000 600.000000 Brem 
312283 20000000 0.850000 1.000000e-07 500.000000 600.000000 Brem 
132989 20000000 0.850000 6.309573e-08 500.000000 600.000000 Brem 
54181 20000000 0.850000 3.981072e-08 500.000000 600.000000 Brem 
21807 20000000 0.850000 2.511886e-08 500.000000 600.000000 Brem 
8833 20000000 0.850000 1.584893e-08 500.000000 600.000000 Brem 
0 20000000 0.950000 1.000000e-05 500.000000 600.000000 Brem 
0 20000000 0.950000 6.309573e-06 500.000000 600.000000 Brem 
0 20000000 0.950000 3.981072e-06 500.000000 600.000000 Brem 
46 20000000 0.950000 2.511886e-06 500.000000 600.000000 Brem 
22635 20000000 0.950000 1.584893e-06 500.000000 600.000000 Brem 
283392 20000000 0.950000 1.000000e-06 500.000000 600.000000 Brem 
873374 20000000 0.950000 6.309573e-07 500.000000 600.000000 Brem 
1257347 20000000 0.950000 3.981072e-07 500.000000 600.000000 Brem 
985241 20000000 0.950000 2.511886e-07 500.000000 600.000000 Brem 
529217 20000000 0.950000 1.584893e-07 500.000000 600.000000 Brem 
239101 20000000 0.950000 1.000000e-07 500.000000 600.000000 Brem 
100309 20000000 0.950000 6.309573e-08 500.000000 600.000000 Brem 
40968 20000000 0.950000 3.981072e-08 500.000000 600.000000 Brem 
16296 20000000 0.950000 2.511886e-08 500.000000 600.000000 Brem 
6596 20000000 0.950000 1.584893e-08 500.000000 600.000000 Brem 
0 20000000 1.050000 1.000000e-05 500.000000 600.000000 Brem 
0 20000000 1.050000 6.309573e-06 500.000000 600.000000 Brem 
0 20000000 1.050000 3.981072e-06 500.000000 600.000000 Brem 
3 20000000 1.050000 2.511886e-06 500.000000 600.000000 Brem 
7386 20000000 1.050000 1.584893e-06 500.000000 600.000000 Brem 
169571 20000000 1.050000 1.000000e-06 500.000000 600.000000 Brem 
671388 20000000 1.050000 6.309573e-07 500.000000 600.000000 Brem 
1196124 20000000 1.050000 3.981072e-07 500.000000 600.000000 Brem 
1118928 20000000 1.050000 2.511886e-07 500.000000 600.000000 Brem 
660805 20000000 1.050000 1.584893e-07 500.000000 600.000000 Brem 
310465 20000000 1.050000 1.000000e-07 500.000000 600.000000 Brem 
132025 20000000 1.050000 6.309573e-08 500.000000 600.000000 Brem 
54331 20000000 1.050000 3.981072e-08 500.000000 600.000000 Brem 
21830 20000000 1.050000 2.511886e-08 500.000000 600.000000 Brem 
8772 20000000 1.050000 1.584893e-08 500.000000 600.000000 Brem 
0 20000000 1.150000 1.000000e-05 500.000000 600.000000 Brem 
0 20000000 1.150000 6.309573e-06 500.000000 600.000000 Brem 
0 20000000 1.150000 3.981072e-06 500.000000 600.000000 Brem 
4 20000000 1.150000 2.511886e-06 500.000000 600.000000 Brem 
7705 20000000 1.150000 1.584893e-06 500.000000 600.000000 Brem 
194290 20000000 1.150000 1.000000e-06 500.000000 600.000000 Brem 
718322 20000000 1.150000 6.309573e-07 500.000000 600.000000 Brem 
1197446 20000000 1.150000 3.981072e-07 500.000000 600.000000 Brem 
1087524 20000000 1.150000 2.511886e-07 500.000000 600.000000 Brem 
639218 20000000 1.150000 1.584893e-07 500.000000 600.000000 Brem 
299295 20000000 1.150000 1.000000e-07 500.000000 600.000000 Brem 
127435 20000000 1.150000 6.309573e-08 500.000000 600.000000 Brem 
52191 20000000 1.150000 3.981072e-08 500.000000 600.000000 Brem 
21196 20000000 1.150000 2.511886e-08 500.000000 600.000000 Brem 
8209 20000000 1.150000 1.584893e-08 500.000000 600.000000 Brem 
0 20000000 1.250000 1.000000e-05 500.000000 600.000000 Brem 
0 20000000 1.250000 6.309573e-06 500.000000 600.000000 Brem 
0 20000000 1.250000 3.981072e-06 500.000000 600.000000 Brem 
0 20000000 1.250000 2.511886e-06 500.000000 600.000000 Brem 
1877 20000000 1.250000 1.584893e-06 500.000000 600.000000 Brem 
108245 20000000 1.250000 1.000000e-06 500.000000 600.000000 Brem 
569380 20000000 1.250000 6.309573e-07 500.000000 600.000000 Brem 
1127651 20000000 1.250000 3.981072e-07 500.000000 600.000000 Brem 
1174137 20000000 1.250000 2.511886e-07 500.000000 600.000000 Brem 
746005 20000000 1.250000 1.584893e-07 500.000000 600.000000 Brem 
362458 20000000 1.250000 1.000000e-07 500.000000 600.000000 Brem 
156563 20000000 1.250000 6.309573e-08 500.000000 600.000000 Brem 
65231 20000000 1.250000 3.981072e-08 500.000000 600.000000 Brem 
26349 20000000 1.250000 2.511886e-08 500.000000 600.000000 Brem 
10404 20000000 1.250000 1.584893e-08 500.000000 600.000000 Brem 
0 20000000 1.350000 1.000000e-05 500.000000 600.000000 Brem 
0 20000000 1.350000 6.309573e-06 500.000000 600.000000 Brem 
0 20000000 1.350000 3.981072e-06 500.000000 600.000000 Brem 
0 20000000 1.350000 2.511886e-06 500.000000 600.000000 Brem 
315 20000000 1.350000 1.584893e-06 500.000000 600.000000 Brem 
51471 20000000 1.350000 1.000000e-06 500.000000 600.000000 Brem 
416472 20000000 1.350000 6.309573e-07 500.000000 600.000000 Brem 
1008455 20000000 1.350000 3.981072e-07 500.000000 600.000000 Brem 
1232452 20000000 1.350000 2.511886e-07 500.000000 600.000000 Brem 
868025 20000000 1.350000 1.584893e-07 500.000000 600.000000 Brem 
444384 20000000 1.350000 1.000000e-07 500.000000 600.000000 Brem 
196671 20000000 1.350000 6.309573e-08 500.000000 600.000000 Brem 
81868 20000000 1.350000 3.981072e-08 500.000000 600.000000 Brem 
33021 20000000 1.350000 2.511886e-08 500.000000 600.000000 Brem 
13111 20000000 1.350000 1.584893e-08 500.000000 600.000000 Brem 
0 20000000 1.450000 1.000000e-05 500.000000 600.000000 Brem 
0 20000000 1.450000 6.309573e-06 500.000000 600.000000 Brem 
0 20000000 1.450000 3.981072e-06 500.000000 600.000000 Brem 
0 20000000 1.450000 2.511886e-06 500.000000 600.000000 Brem 
15 20000000 1.450000 1.584893e-06 500.000000 600.000000 Brem 
14688 20000000 1.450000 1.000000e-06 500.000000 600.000000 Brem 
245200 20000000 1.450000 6.309573e-07 500.000000 600.000000 Brem 
819488 20000000 1.450000 3.981072e-07 500.000000 600.000000 Brem 
1245590 20000000 1.450000 2.511886e-07 500.000000 600.000000 Brem 
1022800 20000000 1.450000 1.584893e-07 500.000000 600.000000 Brem 
567109 20000000 1.450000 1.000000e-07 500.000000 600.000000 Brem 
259992 20000000 1.450000 6.309573e-08 500.000000 600.000000 Brem 
108572 20000000 1.450000 3.981072e-08 500.000000 600.000000 Brem 
44446 20000000 1.450000 2.511886e-08 500.000000 600.000000 Brem 
17756 20000000 1.450000 1.584893e-08 500.000000 600.000000 Brem 
0 20000000 1.550000 1.000000e-05 500.000000 600.000000 Brem 
0 20000000 1.550000 6.309573e-06 500.000000 600.000000 Brem 
0 20000000 1.550000 3.981072e-06 500.000000 600.000000 Brem 
0 20000000 1.550000 2.511886e-06 500.000000 600.000000 Brem 
2 20000000 1.550000 1.584893e-06 500.000000 600.000000 Brem 
5061 20000000 1.550000 1.000000e-06 500.000000 600.000000 Brem 
159750 20000000 1.550000 6.309573e-07 500.000000 600.000000 Brem 
660079 20000000 1.550000 3.981072e-07 500.000000 600.000000 Brem 
1166494 20000000 1.550000 2.511886e-07 500.000000 600.000000 Brem 
1123190 20000000 1.550000 1.584893e-07 500.000000 600.000000 Brem 
682634 20000000 1.550000 1.000000e-07 500.000000 600.000000 Brem 
324333 20000000 1.550000 6.309573e-08 500.000000 600.000000 Brem 
139482 20000000 1.550000 3.981072e-08 500.000000 600.000000 Brem 
57353 20000000 1.550000 2.511886e-08 500.000000 600.000000 Brem 
23141 20000000 1.550000 1.584893e-08 500.000000 600.000000 Brem 
0 20000000 1.650000 1.000000e-05 500.000000 600.000000 Brem 
0 20000000 1.650000 6.309573e-06 500.000000 600.000000 Brem 
0 20000000 1.650000 3.981072e-06 500.000000 600.000000 Brem 
0 20000000 1.650000 2.511886e-06 500.000000 600.000000 Brem 
0 20000000 1.650000 1.584893e-06 500.000000 600.000000 Brem 
1944 20000000 1.650000 1.000000e-06 500.000000 600.000000 Brem 
108677 20000000 1.650000 6.309573e-07 500.000000 600.000000 Brem 
552085 20000000 1.650000 3.981072e-07 500.000000 600.000000 Brem 
1100027 20000000 1.650000 2.511886e-07 500.000000 600.000000 Brem 
1175408 20000000 1.650000 1.584893e-07 500.000000 600.000000 Brem 
764327 20000000 1.650000 1.000000e-07 500.000000 600.000000 Brem 
375995 20000000 1.650000 6.309573e-08 500.000000 600.000000 Brem 
164554 20000000 1.650000 3.981072e-08 500.000000 600.000000 Brem 
67483 20000000 1.650000 2.511886e-08 500.000000 600.000000 Brem 
27360 20000000 1.650000 1.584893e-08 500.000000 600.000000 Brem 
0 20000000 1.750000 1.000000e-05 500.000000 600.000000 Brem 
0 20000000 1.750000 6.309573e-06 500.000000 600.000000 Brem 
0 20000000 1.750000 3.981072e-06 500.000000 600.000000 Brem 
0 20000000 1.750000 2.511886e-06 500.000000 600.000000 Brem 
0 20000000 1.750000 1.584893e-06 500.000000 600.000000 Brem 
606 20000000 1.750000 1.000000e-06 500.000000 600.000000 Brem 
72381 20000000 1.750000 6.309573e-07 500.000000 600.000000 Brem 
494537 20000000 1.750000 3.981072e-07 500.000000 600.000000 Brem 
1055276 20000000 1.750000 2.511886e-07 500.000000 600.000000 Brem 
1198499 20000000 1.750000 1.584893e-07 500.000000 600.000000 Brem 
818110 20000000 1.750000 1.000000e-07 500.000000 600.000000 Brem 
412623 20000000 1.750000 6.309573e-08 500.000000 600.000000 Brem 
181906 20000000 1.750000 3.981072e-08 500.000000 600.000000 Brem 
75474 20000000 1.750000 2.511886e-08 500.000000 600.000000 Brem 
30608 20000000 1.750000 1.584893e-08 500.000000 600.000000 Brem 
0 20000000 1.850000 1.000000e-05 500.000000 600.000000 Brem 
0 20000000 1.850000 6.309573e-06 500.000000 600.000000 Brem 
0 20000000 1.850000 3.981072e-06 500.000000 600.000000 Brem 
0 20000000 1.850000 2.511886e-06 500.000000 600.000000 Brem 
0 20000000 1.850000 1.584893e-06 500.000000 600.000000 Brem 
780 20000000 1.850000 1.000000e-06 500.000000 600.000000 Brem 
79577 20000000 1.850000 6.309573e-07 500.000000 600.000000 Brem 
516309 20000000 1.850000 3.981072e-07 500.000000 600.000000 Brem 
1071386 20000000 1.850000 2.511886e-07 500.000000 600.000000 Brem 
1187647 20000000 1.850000 1.584893e-07 500.000000 600.000000 Brem 
799447 20000000 1.850000 1.000000e-07 500.000000 600.000000 Brem 
401787 20000000 1.850000 6.309573e-08 500.000000 600.000000 Brem 
176477 20000000 1.850000 3.981072e-08 500.000000 600.000000 Brem 
73040 20000000 1.850000 2.511886e-08 500.000000 600.000000 Brem 
29406 20000000 1.850000 1.584893e-08 500.000000 600.000000 Brem 
0 20000000 1.950000 1.000000e-05 500.000000 600.000000 Brem 
0 20000000 1.950000 6.309573e-06 500.000000 600.000000 Brem 
0 20000000 1.950000 3.981072e-06 500.000000 600.000000 Brem 
0 20000000 1.950000 2.511886e-06 500.000000 600.000000 Brem 
0 20000000 1.950000 1.584893e-06 500.000000 600.000000 Brem 
426 20000000 1.950000 1.000000e-06 500.000000 600.000000 Brem 
59910 20000000 1.950000 6.309573e-07 500.000000 600.000000 Brem 
457093 20000000 1.950000 3.981072e-07 500.000000 600.000000 Brem 
1036348 20000000 1.950000 2.511886e-07 500.000000 600.000000 Brem 
1203233 20000000 1.950000 1.584893e-07 500.000000 600.000000 Brem 
843097 20000000 1.950000 1.000000e-07 500.000000 600.000000 Brem 
433220 20000000 1.950000 6.309573e-08 500.000000 600.000000 Brem 
191611 20000000 1.950000 3.981072e-08 500.000000 600.000000 Brem 
79783 20000000 1.950000 2.511886e-08 500.000000 600.000000 Brem 
32171 20000000 1.950000 1.584893e-08 500.000000 600.000000 Brem 
0 20000000 2.050000 1.000000e-05 500.000000 600.000000 Brem 
0 20000000 2.050000 6.309573e-06 500.000000 600.000000 Brem 
0 20000000 2.050000 3.981072e-06 500.000000 600.000000 Brem 
0 20000000 2.050000 2.511886e-06 500.000000 600.000000 Brem 
0 20000000 2.050000 1.584893e-06 500.000000 600.000000 Brem 
85 20000000 2.050000 1.000000e-06 500.000000 600.000000 Brem 
29989 20000000 2.050000 6.309573e-07 500.000000 600.000000 Brem 
343475 20000000 2.050000 3.981072e-07 500.000000 600.000000 Brem 
920690 20000000 2.050000 2.511886e-07 500.000000 600.000000 Brem 
1232967 20000000 2.050000 1.584893e-07 500.000000 600.000000 Brem 
942806 20000000 2.050000 1.000000e-07 500.000000 600.000000 Brem 
503430 20000000 2.050000 6.309573e-08 500.000000 600.000000 Brem 
226697 20000000 2.050000 3.981072e-08 500.000000 600.000000 Brem 
94657 20000000 2.050000 2.511886e-08 500.000000 600.000000 Brem 
38827 20000000 2.050000 1.584893e-08 500.000000 600.000000 Brem 
0 20000000 2.150000 1.000000e-05 500.000000 600.000000 Brem 
0 20000000 2.150000 6.309573e-06 500.000000 600.000000 Brem 
0 20000000 2.150000 3.981072e-06 500.000000 600.000000 Brem 
0 20000000 2.150000 2.511886e-06 500.000000 600.000000 Brem 
0 20000000 2.150000 1.584893e-06 500.000000 600.000000 Brem 
31 20000000 2.150000 1.000000e-06 500.000000 600.000000 Brem 
21657 20000000 2.150000 6.309573e-07 500.000000 600.000000 Brem 
298115 20000000 2.150000 3.981072e-07 500.000000 600.000000 Brem 
894055 20000000 2.150000 2.511886e-07 500.000000 600.000000 Brem 
1232830 20000000 2.150000 1.584893e-07 500.000000 600.000000 Brem 
970846 20000000 2.150000 1.000000e-07 500.000000 600.000000 Brem 
531123 20000000 2.150000 6.309573e-08 500.000000 600.000000 Brem 
241216 20000000 2.150000 3.981072e-08 500.000000 600.000000 Brem 
100927 20000000 2.150000 2.511886e-08 500.000000 600.000000 Brem 
41439 20000000 2.150000 1.584893e-08 500.000000 600.000000 Brem 
0 20000000 2.250000 1.000000e-05 500.000000 600.000000 Brem 
0 20000000 2.250000 6.309573e-06 500.000000 600.000000 Brem 
0 20000000 2.250000 3.981072e-06 500.000000 600.000000 Brem 
0 20000000 2.250000 2.511886e-06 500.000000 600.000000 Brem 
0 20000000 2.250000 1.584893e-06 500.000000 600.000000 Brem 
16 20000000 2.250000 1.000000e-06 500.000000 600.000000 Brem 
18458 20000000 2.250000 6.309573e-07 500.000000 600.000000 Brem 
296103 20000000 2.250000 3.981072e-07 500.000000 600.000000 Brem 
893471 20000000 2.250000 2.511886e-07 500.000000 600.000000 Brem 
1228053 20000000 2.250000 1.584893e-07 500.000000 600.000000 Brem 
973918 20000000 2.250000 1.000000e-07 500.000000 600.000000 Brem 
531687 20000000 2.250000 6.309573e-08 500.000000 600.000000 Brem 
243025 20000000 2.250000 3.981072e-08 500.000000 600.000000 Brem 
102387 20000000 2.250000 2.511886e-08 500.000000 600.000000 Brem 
41521 20000000 2.250000 1.584893e-08 500.000000 600.000000 Brem 
0 20000000 2.350000 1.000000e-05 500.000000 600.000000 Brem 
0 20000000 2.350000 6.309573e-06 500.000000 600.000000 Brem 
0 20000000 2.350000 3.981072e-06 500.000000 600.000000 Brem 
0 20000000 2.350000 2.511886e-06 500.000000 600.000000 Brem 
0 20000000 2.350000 1.584893e-06 500.000000 600.000000 Brem 
6 20000000 2.350000 1.000000e-06 500.000000 600.000000 Brem 
11577 20000000 2.350000 6.309573e-07 500.000000 600.000000 Brem 
246834 20000000 2.350000 3.981072e-07 500.000000 600.000000 Brem 
814446 20000000 2.350000 2.511886e-07 500.000000 600.000000 Brem 
1202995 20000000 2.350000 1.584893e-07 500.000000 600.000000 Brem 
1023388 20000000 2.350000 1.000000e-07 500.000000 600.000000 Brem 
588741 20000000 2.350000 6.309573e-08 500.000000 600.000000 Brem 
273136 20000000 2.350000 3.981072e-08 500.000000 600.000000 Brem 
115409 20000000 2.350000 2.511886e-08 500.000000 600.000000 Brem 
47407 20000000 2.350000 1.584893e-08 500.000000 600.000000 Brem 
0 20000000 2.450000 1.000000e-05 500.000000 600.000000 Brem 
0 20000000 2.450000 6.309573e-06 500.000000 600.000000 Brem 
0 20000000 2.450000 3.981072e-06 500.000000 600.000000 Brem 
0 20000000 2.450000 2.511886e-06 500.000000 600.000000 Brem 
0 20000000 2.450000 1.584893e-06 500.000000 600.000000 Brem 
2 20000000 2.450000 1.000000e-06 500.000000 600.000000 Brem 
6738 20000000 2.450000 6.309573e-07 500.000000 600.000000 Brem 
190569 20000000 2.450000 3.981072e-07 500.000000 600.000000 Brem 
722697 20000000 2.450000 2.511886e-07 500.000000 600.000000 Brem 
1187131 20000000 2.450000 1.584893e-07 500.000000 600.000000 Brem 
1085849 20000000 2.450000 1.000000e-07 500.000000 600.000000 Brem 
642815 20000000 2.450000 6.309573e-08 500.000000 600.000000 Brem 
303300 20000000 2.450000 3.981072e-08 500.000000 600.000000 Brem 
129411 20000000 2.450000 2.511886e-08 500.000000 600.000000 Brem 
52966 20000000 2.450000 1.584893e-08 500.000000 600.000000 Brem 
0 20000000 2.550000 1.000000e-05 500.000000 600.000000 Brem 
0 20000000 2.550000 6.309573e-06 500.000000 600.000000 Brem 
0 20000000 2.550000 3.981072e-06 500.000000 600.000000 Brem 
0 20000000 2.550000 2.511886e-06 500.000000 600.000000 Brem 
0 20000000 2.550000 1.584893e-06 500.000000 600.000000 Brem 
1 20000000 2.550000 1.000000e-06 500.000000 600.000000 Brem 
3969 20000000 2.550000 6.309573e-07 500.000000 600.000000 Brem 
158447 20000000 2.550000 3.981072e-07 500.000000 600.000000 Brem 
690481 20000000 2.550000 2.511886e-07 500.000000 600.000000 Brem 
1186982 20000000 2.550000 1.584893e-07 500.000000 600.000000 Brem 
1107313 20000000 2.550000 1.000000e-07 500.000000 600.000000 Brem 
666203 20000000 2.550000 6.309573e-08 500.000000 600.000000 Brem 
315966 20000000 2.550000 3.981072e-08 500.000000 600.000000 Brem 
135703 20000000 2.550000 2.511886e-08 500.000000 600.000000 Brem 
55776 20000000 2.550000 1.584893e-08 500.000000 600.000000 Brem 
0 20000000 2.650000 1.000000e-05 500.000000 600.000000 Brem 
0 20000000 2.650000 6.309573e-06 500.000000 600.000000 Brem 
0 20000000 2.650000 3.981072e-06 500.000000 600.000000 Brem 
0 20000000 2.650000 2.511886e-06 500.000000 600.000000 Brem 
0 20000000 2.650000 1.584893e-06 500.000000 600.000000 Brem 
0 20000000 2.650000 1.000000e-06 500.000000 600.000000 Brem 
3876 20000000 2.650000 6.309573e-07 500.000000 600.000000 Brem 
165189 20000000 2.650000 3.981072e-07 500.000000 600.000000 Brem 
697346 20000000 2.650000 2.511886e-07 500.000000 600.000000 Brem 
1149403 20000000 2.650000 1.584893e-07 500.000000 600.000000 Brem 
1094153 20000000 2.650000 1.000000e-07 500.000000 600.000000 Brem 
678264 20000000 2.650000 6.309573e-08 500.000000 600.000000 Brem 
327015 20000000 2.650000 3.981072e-08 500.000000 600.000000 Brem 
141933 20000000 2.650000 2.511886e-08 500.000000 600.000000 Brem 
58506 20000000 2.650000 1.584893e-08 500.000000 600.000000 Brem 
0 20000000 2.750000 1.000000e-05 500.000000 600.000000 Brem 
0 20000000 2.750000 6.309573e-06 500.000000 600.000000 Brem 
0 20000000 2.750000 3.981072e-06 500.000000 600.000000 Brem 
0 20000000 2.750000 2.511886e-06 500.000000 600.000000 Brem 
0 20000000 2.750000 1.584893e-06 500.000000 600.000000 Brem 
0 20000000 2.750000 1.000000e-06 500.000000 600.000000 Brem 
2070 20000000 2.750000 6.309573e-07 500.000000 600.000000 Brem 
138257 20000000 2.750000 3.981072e-07 500.000000 600.000000 Brem 
672868 20000000 2.750000 2.511886e-07 500.000000 600.000000 Brem 
1134334 20000000 2.750000 1.584893e-07 500.000000 600.000000 Brem 
1110826 20000000 2.750000 1.000000e-07 500.000000 600.000000 Brem 
703561 20000000 2.750000 6.309573e-08 500.000000 600.000000 Brem 
342983 20000000 2.750000 3.981072e-08 500.000000 600.000000 Brem 
148765 20000000 2.750000 2.511886e-08 500.000000 600.000000 Brem 
61201 20000000 2.750000 1.584893e-08 500.000000 600.000000 Brem 
0 20000000 2.850000 1.000000e-05 500.000000 600.000000 Brem 
0 20000000 2.850000 6.309573e-06 500.000000 600.000000 Brem 
0 20000000 2.850000 3.981072e-06 500.000000 600.000000 Brem 
0 20000000 2.850000 2.511886e-06 500.000000 600.000000 Brem 
0 20000000 2.850000 1.584893e-06 500.000000 600.000000 Brem 
0 20000000 2.850000 1.000000e-06 500.000000 600.000000 Brem 
1280 20000000 2.850000 6.309573e-07 500.000000 600.000000 Brem 
107417 20000000 2.850000 3.981072e-07 500.000000 600.000000 Brem 
590351 20000000 2.850000 2.511886e-07 500.000000 600.000000 Brem 
1101940 20000000 2.850000 1.584893e-07 500.000000 600.000000 Brem 
1152374 20000000 2.850000 1.000000e-07 500.000000 600.000000 Brem 
754314 20000000 2.850000 6.309573e-08 500.000000 600.000000 Brem 
373982 20000000 2.850000 3.981072e-08 500.000000 600.000000 Brem 
162979 20000000 2.850000 2.511886e-08 500.000000 600.000000 Brem 
68022 20000000 2.850000 1.584893e-08 500.000000 600.000000 Brem 
0 20000000 2.950000 1.000000e-05 500.000000 600.000000 Brem 
0 20000000 2.950000 6.309573e-06 500.000000 600.000000 Brem 
0 20000000 2.950000 3.981072e-06 500.000000 600.000000 Brem 
0 20000000 2.950000 2.511886e-06 500.000000 600.000000 Brem 
0 20000000 2.950000 1.584893e-06 500.000000 600.000000 Brem 
0 20000000 2.950000 1.000000e-06 500.000000 600.000000 Brem 
721 20000000 2.950000 6.309573e-07 500.000000 600.000000 Brem 
84849 20000000 2.950000 3.981072e-07 500.000000 600.000000 Brem 
525601 20000000 2.950000 2.511886e-07 500.000000 600.000000 Brem 
1042882 20000000 2.950000 1.584893e-07 500.000000 600.000000 Brem 
1172016 20000000 2.950000 1.000000e-07 500.000000 600.000000 Brem 
808559 20000000 2.950000 6.309573e-08 500.000000 600.000000 Brem 
413870 20000000 2.950000 3.981072e-08 500.000000 600.000000 Brem 
182261 20000000 2.950000 2.511886e-08 500.000000 600.000000 Brem 
75976 20000000 2.950000 1.584893e-08 500.000000 600.000000 Brem 
0 20000000 3.050000 1.000000e-05 500.000000 600.000000 Brem 
0 20000000 3.050000 6.309573e-06 500.000000 600.000000 Brem 
0 20000000 3.050000 3.981072e-06 500.000000 600.000000 Brem 
0 20000000 3.050000 2.511886e-06 500.000000 600.000000 Brem 
0 20000000 3.050000 1.584893e-06 500.000000 600.000000 Brem 
0 20000000 3.050000 1.000000e-06 500.000000 600.000000 Brem 
273 20000000 3.050000 6.309573e-07 500.000000 600.000000 Brem 
55358 20000000 3.050000 3.981072e-07 500.000000 600.000000 Brem 
465882 20000000 3.050000 2.511886e-07 500.000000 600.000000 Brem 
1067273 20000000 3.050000 1.584893e-07 500.000000 600.000000 Brem 
1213792 20000000 3.050000 1.000000e-07 500.000000 600.000000 Brem 
825259 20000000 3.050000 6.309573e-08 500.000000 600.000000 Brem 
415859 20000000 3.050000 3.981072e-08 500.000000 600.000000 Brem 
183088 20000000 3.050000 2.511886e-08 500.000000 600.000000 Brem 
76382 20000000 3.050000 1.584893e-08 500.000000 600.000000 Brem 
1 20000000 0.250000 1.000000e-05 500.000000 600.000000 Eta 
2088 20000000 0.250000 6.309573e-06 500.000000 600.000000 Eta 
41755 20000000 0.250000 3.981072e-06 500.000000 600.000000 Eta 
178853 20000000 0.250000 2.511886e-06 500.000000 600.000000 Eta 
447793 20000000 0.250000 1.584893e-06 500.000000 600.000000 Eta 
742498 20000000 0.250000 1.000000e-06 500.000000 600.000000 Eta 
912352 20000000 0.250000 6.309573e-07 500.000000 600.000000 Eta 
845289 20000000 0.250000 3.981072e-07 500.000000 600.000000 Eta 
580732 20000000 0.250000 2.511886e-07 500.000000 600.000000 Eta 
318959 20000000 0.250000 1.584893e-07 500.000000 600.000000 Eta 
153079 20000000 0.250000 1.000000e-07 500.000000 600.000000 Eta 
70258 20000000 0.250000 6.309573e-08 500.000000 600.000000 Eta 
31636 20000000 0.250000 3.981072e-08 500.000000 600.000000 Eta 
13428 20000000 0.250000 2.511886e-08 500.000000 600.000000 Eta 
5615 20000000 0.250000 1.584893e-08 500.000000 600.000000 Eta 
0 20000000 0.270000 1.000000e-05 500.000000 600.000000 Eta 
1306 20000000 0.270000 6.309573e-06 500.000000 600.000000 Eta 
23324 20000000 0.270000 3.981072e-06 500.000000 600.000000 Eta 
142322 20000000 0.270000 2.511886e-06 500.000000 600.000000 Eta 
411997 20000000 0.270000 1.584893e-06 500.000000 600.000000 Eta 
725293 20000000 0.270000 1.000000e-06 500.000000 600.000000 Eta 
917334 20000000 0.270000 6.309573e-07 500.000000 600.000000 Eta 
859720 20000000 0.270000 3.981072e-07 500.000000 600.000000 Eta 
599847 20000000 0.270000 2.511886e-07 500.000000 600.000000 Eta 
343041 20000000 0.270000 1.584893e-07 500.000000 600.000000 Eta 
174540 20000000 0.270000 1.000000e-07 500.000000 600.000000 Eta 
79752 20000000 0.270000 6.309573e-08 500.000000 600.000000 Eta 
33860 20000000 0.270000 3.981072e-08 500.000000 600.000000 Eta 
13720 20000000 0.270000 2.511886e-08 500.000000 600.000000 Eta 
5543 20000000 0.270000 1.584893e-08 500.000000 600.000000 Eta 
0 20000000 0.290000 1.000000e-05 500.000000 600.000000 Eta 
509 20000000 0.290000 6.309573e-06 500.000000 600.000000 Eta 
12119 20000000 0.290000 3.981072e-06 500.000000 600.000000 Eta 
91951 20000000 0.290000 2.511886e-06 500.000000 600.000000 Eta 
329691 20000000 0.290000 1.584893e-06 500.000000 600.000000 Eta 
654971 20000000 0.290000 1.000000e-06 500.000000 600.000000 Eta 
894052 20000000 0.290000 6.309573e-07 500.000000 600.000000 Eta 
885832 20000000 0.290000 3.981072e-07 500.000000 600.000000 Eta 
677274 20000000 0.290000 2.511886e-07 500.000000 600.000000 Eta 
413927 20000000 0.290000 1.584893e-07 500.000000 600.000000 Eta 
214271 20000000 0.290000 1.000000e-07 500.000000 600.000000 Eta 
101392 20000000 0.290000 6.309573e-08 500.000000 600.000000 Eta 
44379 20000000 0.290000 3.981072e-08 500.000000 600.000000 Eta 
18235 20000000 0.290000 2.511886e-08 500.000000 600.000000 Eta 
7504 20000000 0.290000 1.584893e-08 500.000000 600.000000 Eta 
0 20000000 0.310000 1.000000e-05 500.000000 600.000000 Eta 
92 20000000 0.310000 6.309573e-06 500.000000 600.000000 Eta 
7276 20000000 0.310000 3.981072e-06 500.000000 600.000000 Eta 
80249 20000000 0.310000 2.511886e-06 500.000000 600.000000 Eta 
316256 20000000 0.310000 1.584893e-06 500.000000 600.000000 Eta 
650965 20000000 0.310000 1.000000e-06 500.000000 600.000000 Eta 
874667 20000000 0.310000 6.309573e-07 500.000000 600.000000 Eta 
876332 20000000 0.310000 3.981072e-07 500.000000 600.000000 Eta 
693271 20000000 0.310000 2.511886e-07 500.000000 600.000000 Eta 
432503 20000000 0.310000 1.584893e-07 500.000000 600.000000 Eta 
223220 20000000 0.310000 1.000000e-07 500.000000 600.000000 Eta 
104368 20000000 0.310000 6.309573e-08 500.000000 600.000000 Eta 
49514 20000000 0.310000 3.981072e-08 500.000000 600.000000 Eta 
22603 20000000 0.310000 2.511886e-08 500.000000 600.000000 Eta 
9948 20000000 0.310000 1.584893e-08 500.000000 600.000000 Eta 
0 20000000 0.330000 1.000000e-05 500.000000 600.000000 Eta 
65 20000000 0.330000 6.309573e-06 500.000000 600.000000 Eta 
5736 20000000 0.330000 3.981072e-06 500.000000 600.000000 Eta 
63941 20000000 0.330000 2.511886e-06 500.000000 600.000000 Eta 
284552 20000000 0.330000 1.584893e-06 500.000000 600.000000 Eta 
639836 20000000 0.330000 1.000000e-06 500.000000 600.000000 Eta 
859130 20000000 0.330000 6.309573e-07 500.000000 600.000000 Eta 
851412 20000000 0.330000 3.981072e-07 500.000000 600.000000 Eta 
698431 20000000 0.330000 2.511886e-07 500.000000 600.000000 Eta 
469880 20000000 0.330000 1.584893e-07 500.000000 600.000000 Eta 
255911 20000000 0.330000 1.000000e-07 500.000000 600.000000 Eta 
120561 20000000 0.330000 6.309573e-08 500.000000 600.000000 Eta 
51815 20000000 0.330000 3.981072e-08 500.000000 600.000000 Eta 
21274 20000000 0.330000 2.511886e-08 500.000000 600.000000 Eta 
8524 20000000 0.330000 1.584893e-08 500.000000 600.000000 Eta 
0 20000000 0.350000 1.000000e-05 500.000000 600.000000 Eta 
22 20000000 0.350000 6.309573e-06 500.000000 600.000000 Eta 
3760 20000000 0.350000 3.981072e-06 500.000000 600.000000 Eta 
45667 20000000 0.350000 2.511886e-06 500.000000 600.000000 Eta 
237098 20000000 0.350000 1.584893e-06 500.000000 600.000000 Eta 
590562 20000000 0.350000 1.000000e-06 500.000000 600.000000 Eta 
883422 20000000 0.350000 6.309573e-07 500.000000 600.000000 Eta 
926802 20000000 0.350000 3.981072e-07 500.000000 600.000000 Eta 
740397 20000000 0.350000 2.511886e-07 500.000000 600.000000 Eta 
464013 20000000 0.350000 1.584893e-07 500.000000 600.000000 Eta 
242779 20000000 0.350000 1.000000e-07 500.000000 600.000000 Eta 
112799 20000000 0.350000 6.309573e-08 500.000000 600.000000 Eta 
49792 20000000 0.350000 3.981072e-08 500.000000 600.000000 Eta 
22431 20000000 0.350000 2.511886e-08 500.000000 600.000000 Eta 
9585 20000000 0.350000 1.584893e-08 500.000000 600.000000 Eta 
0 20000000 0.370000 1.000000e-05 500.000000 600.000000 Eta 
5 20000000 0.370000 6.309573e-06 500.000000 600.000000 Eta 
1147 20000000 0.370000 3.981072e-06 500.000000 600.000000 Eta 
27155 20000000 0.370000 2.511886e-06 500.000000 600.000000 Eta 
210952 20000000 0.370000 1.584893e-06 500.000000 600.000000 Eta 
592527 20000000 0.370000 1.000000e-06 500.000000 600.000000 Eta 
894391 20000000 0.370000 6.309573e-07 500.000000 600.000000 Eta 
953921 20000000 0.370000 3.981072e-07 500.000000 600.000000 Eta 
751062 20000000 0.370000 2.511886e-07 500.000000 600.000000 Eta 
460294 20000000 0.370000 1.584893e-07 500.000000 600.000000 Eta 
245371 20000000 0.370000 1.000000e-07 500.000000 600.000000 Eta 
119724 20000000 0.370000 6.309573e-08 500.000000 600.000000 Eta 
53728 20000000 0.370000 3.981072e-08 500.000000 600.000000 Eta 
22471 20000000 0.370000 2.511886e-08 500.000000 600.000000 Eta 
9270 20000000 0.370000 1.584893e-08 500.000000 600.000000 Eta 
0 20000000 0.390000 1.000000e-05 500.000000 600.000000 Eta 
31 20000000 0.390000 6.309573e-06 500.000000 600.000000 Eta 
3211 20000000 0.390000 3.981072e-06 500.000000 600.000000 Eta 
42090 20000000 0.390000 2.511886e-06 500.000000 600.000000 Eta 
197178 20000000 0.390000 1.584893e-06 500.000000 600.000000 Eta 
492488 20000000 0.390000 1.000000e-06 500.000000 600.000000 Eta 
815945 20000000 0.390000 6.309573e-07 500.000000 600.000000 Eta 
942126 20000000 0.390000 3.981072e-07 500.000000 600.000000 Eta 
808635 20000000 0.390000 2.511886e-07 500.000000 600.000000 Eta 
525971 20000000 0.390000 1.584893e-07 500.000000 600.000000 Eta 
279462 20000000 0.390000 1.000000e-07 500.000000 600.000000 Eta 
130454 20000000 0.390000 6.309573e-08 500.000000 600.000000 Eta 
56228 20000000 0.390000 3.981072e-08 500.000000 600.000000 Eta 
23489 20000000 0.390000 2.511886e-08 500.000000 600.000000 Eta 
9404 20000000 0.390000 1.584893e-08 500.000000 600.000000 Eta 
0 20000000 0.410000 1.000000e-05 500.000000 600.000000 Eta 
0 20000000 0.410000 6.309573e-06 500.000000 600.000000 Eta 
942 20000000 0.410000 3.981072e-06 500.000000 600.000000 Eta 
26517 20000000 0.410000 2.511886e-06 500.000000 600.000000 Eta 
155949 20000000 0.410000 1.584893e-06 500.000000 600.000000 Eta 
462381 20000000 0.410000 1.000000e-06 500.000000 600.000000 Eta 
796736 20000000 0.410000 6.309573e-07 500.000000 600.000000 Eta 
927115 20000000 0.410000 3.981072e-07 500.000000 600.000000 Eta 
843331 20000000 0.410000 2.511886e-07 500.000000 600.000000 Eta 
568221 20000000 0.410000 1.584893e-07 500.000000 600.000000 Eta 
299269 20000000 0.410000 1.000000e-07 500.000000 600.000000 Eta 
140852 20000000 0.410000 6.309573e-08 500.000000 600.000000 Eta 
66581 20000000 0.410000 3.981072e-08 500.000000 600.000000 Eta 
30335 20000000 0.410000 2.511886e-08 500.000000 600.000000 Eta 
12866 20000000 0.410000 1.584893e-08 500.000000 600.000000 Eta 
0 20000000 0.430000 1.000000e-05 500.000000 600.000000 Eta 
0 20000000 0.430000 6.309573e-06 500.000000 600.000000 Eta 
482 20000000 0.430000 3.981072e-06 500.000000 600.000000 Eta 
18072 20000000 0.430000 2.511886e-06 500.000000 600.000000 Eta 
136383 20000000 0.430000 1.584893e-06 500.000000 600.000000 Eta 
420528 20000000 0.430000 1.000000e-06 500.000000 600.000000 Eta 
738817 20000000 0.430000 6.309573e-07 500.000000 600.000000 Eta 
892937 20000000 0.430000 3.981072e-07 500.000000 600.000000 Eta 
825256 20000000 0.430000 2.511886e-07 500.000000 600.000000 Eta 
598949 20000000 0.430000 1.584893e-07 500.000000 600.000000 Eta 
344761 20000000 0.430000 1.000000e-07 500.000000 600.000000 Eta 
170777 20000000 0.430000 6.309573e-08 500.000000 600.000000 Eta 
81847 20000000 0.430000 3.981072e-08 500.000000 600.000000 Eta 
40765 20000000 0.430000 2.511886e-08 500.000000 600.000000 Eta 
19933 20000000 0.430000 1.584893e-08 500.000000 600.000000 Eta 
0 20000000 0.450000 1.000000e-05 500.000000 600.000000 Eta 
0 20000000 0.450000 6.309573e-06 500.000000 600.000000 Eta 
162 20000000 0.450000 3.981072e-06 500.000000 600.000000 Eta 
13438 20000000 0.450000 2.511886e-06 500.000000 600.000000 Eta 
125116 20000000 0.450000 1.584893e-06 500.000000 600.000000 Eta 
415491 20000000 0.450000 1.000000e-06 500.000000 600.000000 Eta 
756521 20000000 0.450000 6.309573e-07 500.000000 600.000000 Eta 
957245 20000000 0.450000 3.981072e-07 500.000000 600.000000 Eta 
870871 20000000 0.450000 2.511886e-07 500.000000 600.000000 Eta 
581763 20000000 0.450000 1.584893e-07 500.000000 600.000000 Eta 
329095 20000000 0.450000 1.000000e-07 500.000000 600.000000 Eta 
165055 20000000 0.450000 6.309573e-08 500.000000 600.000000 Eta 
77097 20000000 0.450000 3.981072e-08 500.000000 600.000000 Eta 
37205 20000000 0.450000 2.511886e-08 500.000000 600.000000 Eta 
17274 20000000 0.450000 1.584893e-08 500.000000 600.000000 Eta 
0 20000000 0.470000 1.000000e-05 500.000000 600.000000 Eta 
0 20000000 0.470000 6.309573e-06 500.000000 600.000000 Eta 
260 20000000 0.470000 3.981072e-06 500.000000 600.000000 Eta 
16022 20000000 0.470000 2.511886e-06 500.000000 600.000000 Eta 
122984 20000000 0.470000 1.584893e-06 500.000000 600.000000 Eta 
420434 20000000 0.470000 1.000000e-06 500.000000 600.000000 Eta 
802177 20000000 0.470000 6.309573e-07 500.000000 600.000000 Eta 
962079 20000000 0.470000 3.981072e-07 500.000000 600.000000 Eta 
824049 20000000 0.470000 2.511886e-07 500.000000 600.000000 Eta 
567912 20000000 0.470000 1.584893e-07 500.000000 600.000000 Eta 
327863 20000000 0.470000 1.000000e-07 500.000000 600.000000 Eta 
166750 20000000 0.470000 6.309573e-08 500.000000 600.000000 Eta 
78252 20000000 0.470000 3.981072e-08 500.000000 600.000000 Eta 
34230 20000000 0.470000 2.511886e-08 500.000000 600.000000 Eta 
14030 20000000 0.470000 1.584893e-08 500.000000 600.000000 Eta 
0 20000000 0.490000 1.000000e-05 500.000000 600.000000 Eta 
0 20000000 0.490000 6.309573e-06 500.000000 600.000000 Eta 
395 20000000 0.490000 3.981072e-06 500.000000 600.000000 Eta 
16410 20000000 0.490000 2.511886e-06 500.000000 600.000000 Eta 
116047 20000000 0.490000 1.584893e-06 500.000000 600.000000 Eta 
388371 20000000 0.490000 1.000000e-06 500.000000 600.000000 Eta 
738331 20000000 0.490000 6.309573e-07 500.000000 600.000000 Eta 
920371 20000000 0.490000 3.981072e-07 500.000000 600.000000 Eta 
852422 20000000 0.490000 2.511886e-07 500.000000 600.000000 Eta 
603509 20000000 0.490000 1.584893e-07 500.000000 600.000000 Eta 
358377 20000000 0.490000 1.000000e-07 500.000000 600.000000 Eta 
188609 20000000 0.490000 6.309573e-08 500.000000 600.000000 Eta 
88467 20000000 0.490000 3.981072e-08 500.000000 600.000000 Eta 
40709 20000000 0.490000 2.511886e-08 500.000000 600.000000 Eta 
18296 20000000 0.490000 1.584893e-08 500.000000 600.000000 Eta 
0 20000000 0.510000 1.000000e-05 500.000000 600.000000 Eta 
0 20000000 0.510000 6.309573e-06 500.000000 600.000000 Eta 
11 20000000 0.510000 3.981072e-06 500.000000 600.000000 Eta 
4292 20000000 0.510000 2.511886e-06 500.000000 600.000000 Eta 
78901 20000000 0.510000 1.584893e-06 500.000000 600.000000 Eta 
334452 20000000 0.510000 1.000000e-06 500.000000 600.000000 Eta 
688611 20000000 0.510000 6.309573e-07 500.000000 600.000000 Eta 
930616 20000000 0.510000 3.981072e-07 500.000000 600.000000 Eta 
898981 20000000 0.510000 2.511886e-07 500.000000 600.000000 Eta 
667766 20000000 0.510000 1.584893e-07 500.000000 600.000000 Eta 
396828 20000000 0.510000 1.000000e-07 500.000000 600.000000 Eta 
197943 20000000 0.510000 6.309573e-08 500.000000 600.000000 Eta 
88013 20000000 0.510000 3.981072e-08 500.000000 600.000000 Eta 
36390 20000000 0.510000 2.511886e-08 500.000000 600.000000 Eta 
14633 20000000 0.510000 1.584893e-08 500.000000 600.000000 Eta 
0 20000000 0.530000 1.000000e-05 500.000000 600.000000 Eta 
0 20000000 0.530000 6.309573e-06 500.000000 600.000000 Eta 
20 20000000 0.530000 3.981072e-06 500.000000 600.000000 Eta 
4124 20000000 0.530000 2.511886e-06 500.000000 600.000000 Eta 
58758 20000000 0.530000 1.584893e-06 500.000000 600.000000 Eta 
276453 20000000 0.530000 1.000000e-06 500.000000 600.000000 Eta 
625925 20000000 0.530000 6.309573e-07 500.000000 600.000000 Eta 
920669 20000000 0.530000 3.981072e-07 500.000000 600.000000 Eta 
950065 20000000 0.530000 2.511886e-07 500.000000 600.000000 Eta 
709187 20000000 0.530000 1.584893e-07 500.000000 600.000000 Eta 
414124 20000000 0.530000 1.000000e-07 500.000000 600.000000 Eta 
209097 20000000 0.530000 6.309573e-08 500.000000 600.000000 Eta 
100982 20000000 0.530000 3.981072e-08 500.000000 600.000000 Eta 
48308 20000000 0.530000 2.511886e-08 500.000000 600.000000 Eta 
22207 20000000 0.530000 1.584893e-08 500.000000 600.000000 Eta 
