0 20000000 0.001073 1.000000e-05 400.000000 650.000000 Brem 
0 20000000 0.001073 6.309573e-06 400.000000 650.000000 Brem 
0 20000000 0.001073 3.981072e-06 400.000000 650.000000 Brem 
0 20000000 0.001073 2.511886e-06 400.000000 650.000000 Brem 
0 20000000 0.001073 1.584893e-06 400.000000 650.000000 Brem 
0 20000000 0.001073 1.000000e-06 400.000000 650.000000 Brem 
0 20000000 0.001073 6.309573e-07 400.000000 650.000000 Brem 
0 20000000 0.001073 3.981072e-07 400.000000 650.000000 Brem 
0 20000000 0.001073 2.511886e-07 400.000000 650.000000 Brem 
0 20000000 0.001073 1.584893e-07 400.000000 650.000000 Brem 
0 20000000 0.001073 1.000000e-07 400.000000 650.000000 Brem 
0 20000000 0.001073 6.309573e-08 400.000000 650.000000 Brem 
0 20000000 0.001073 3.981072e-08 400.000000 650.000000 Brem 
0 20000000 0.001073 2.511886e-08 400.000000 650.000000 Brem 
0 20000000 0.001073 1.584893e-08 400.000000 650.000000 Brem 
0 20000000 0.001398 1.000000e-05 400.000000 650.000000 Brem 
0 20000000 0.001398 6.309573e-06 400.000000 650.000000 Brem 
0 20000000 0.001398 3.981072e-06 400.000000 650.000000 Brem 
0 20000000 0.001398 2.511886e-06 400.000000 650.000000 Brem 
0 20000000 0.001398 1.584893e-06 400.000000 650.000000 Brem 
0 20000000 0.001398 1.000000e-06 400.000000 650.000000 Brem 
0 20000000 0.001398 6.309573e-07 400.000000 650.000000 Brem 
0 20000000 0.001398 3.981072e-07 400.000000 650.000000 Brem 
0 20000000 0.001398 2.511886e-07 400.000000 650.000000 Brem 
0 20000000 0.001398 1.584893e-07 400.000000 650.000000 Brem 
0 20000000 0.001398 1.000000e-07 400.000000 650.000000 Brem 
0 20000000 0.001398 6.309573e-08 400.000000 650.000000 Brem 
0 20000000 0.001398 3.981072e-08 400.000000 650.000000 Brem 
0 20000000 0.001398 2.511886e-08 400.000000 650.000000 Brem 
0 20000000 0.001398 1.584893e-08 400.000000 650.000000 Brem 
0 20000000 0.001821 1.000000e-05 400.000000 650.000000 Brem 
0 20000000 0.001821 6.309573e-06 400.000000 650.000000 Brem 
0 20000000 0.001821 3.981072e-06 400.000000 650.000000 Brem 
0 20000000 0.001821 2.511886e-06 400.000000 650.000000 Brem 
0 20000000 0.001821 1.584893e-06 400.000000 650.000000 Brem 
0 20000000 0.001821 1.000000e-06 400.000000 650.000000 Brem 
0 20000000 0.001821 6.309573e-07 400.000000 650.000000 Brem 
0 20000000 0.001821 3.981072e-07 400.000000 650.000000 Brem 
0 20000000 0.001821 2.511886e-07 400.000000 650.000000 Brem 
0 20000000 0.001821 1.584893e-07 400.000000 650.000000 Brem 
0 20000000 0.001821 1.000000e-07 400.000000 650.000000 Brem 
0 20000000 0.001821 6.309573e-08 400.000000 650.000000 Brem 
0 20000000 0.001821 3.981072e-08 400.000000 650.000000 Brem 
0 20000000 0.001821 2.511886e-08 400.000000 650.000000 Brem 
0 20000000 0.001821 1.584893e-08 400.000000 650.000000 Brem 
0 20000000 0.002373 1.000000e-05 400.000000 650.000000 Brem 
0 20000000 0.002373 6.309573e-06 400.000000 650.000000 Brem 
0 20000000 0.002373 3.981072e-06 400.000000 650.000000 Brem 
0 20000000 0.002373 2.511886e-06 400.000000 650.000000 Brem 
0 20000000 0.002373 1.584893e-06 400.000000 650.000000 Brem 
0 20000000 0.002373 1.000000e-06 400.000000 650.000000 Brem 
0 20000000 0.002373 6.309573e-07 400.000000 650.000000 Brem 
0 20000000 0.002373 3.981072e-07 400.000000 650.000000 Brem 
0 20000000 0.002373 2.511886e-07 400.000000 650.000000 Brem 
0 20000000 0.002373 1.584893e-07 400.000000 650.000000 Brem 
0 20000000 0.002373 1.000000e-07 400.000000 650.000000 Brem 
0 20000000 0.002373 6.309573e-08 400.000000 650.000000 Brem 
0 20000000 0.002373 3.981072e-08 400.000000 650.000000 Brem 
0 20000000 0.002373 2.511886e-08 400.000000 650.000000 Brem 
0 20000000 0.002373 1.584893e-08 400.000000 650.000000 Brem 
0 20000000 0.003092 1.000000e-05 400.000000 650.000000 Brem 
0 20000000 0.003092 6.309573e-06 400.000000 650.000000 Brem 
0 20000000 0.003092 3.981072e-06 400.000000 650.000000 Brem 
0 20000000 0.003092 2.511886e-06 400.000000 650.000000 Brem 
0 20000000 0.003092 1.584893e-06 400.000000 650.000000 Brem 
0 20000000 0.003092 1.000000e-06 400.000000 650.000000 Brem 
0 20000000 0.003092 6.309573e-07 400.000000 650.000000 Brem 
0 20000000 0.003092 3.981072e-07 400.000000 650.000000 Brem 
0 20000000 0.003092 2.511886e-07 400.000000 650.000000 Brem 
0 20000000 0.003092 1.584893e-07 400.000000 650.000000 Brem 
0 20000000 0.003092 1.000000e-07 400.000000 650.000000 Brem 
0 20000000 0.003092 6.309573e-08 400.000000 650.000000 Brem 
0 20000000 0.003092 3.981072e-08 400.000000 650.000000 Brem 
0 20000000 0.003092 2.511886e-08 400.000000 650.000000 Brem 
0 20000000 0.003092 1.584893e-08 400.000000 650.000000 Brem 
0 20000000 0.004028 1.000000e-05 400.000000 650.000000 Brem 
0 20000000 0.004028 6.309573e-06 400.000000 650.000000 Brem 
0 20000000 0.004028 3.981072e-06 400.000000 650.000000 Brem 
0 20000000 0.004028 2.511886e-06 400.000000 650.000000 Brem 
0 20000000 0.004028 1.584893e-06 400.000000 650.000000 Brem 
0 20000000 0.004028 1.000000e-06 400.000000 650.000000 Brem 
0 20000000 0.004028 6.309573e-07 400.000000 650.000000 Brem 
0 20000000 0.004028 3.981072e-07 400.000000 650.000000 Brem 
0 20000000 0.004028 2.511886e-07 400.000000 650.000000 Brem 
0 20000000 0.004028 1.584893e-07 400.000000 650.000000 Brem 
0 20000000 0.004028 1.000000e-07 400.000000 650.000000 Brem 
0 20000000 0.004028 6.309573e-08 400.000000 650.000000 Brem 
0 20000000 0.004028 3.981072e-08 400.000000 650.000000 Brem 
0 20000000 0.004028 2.511886e-08 400.000000 650.000000 Brem 
0 20000000 0.004028 1.584893e-08 400.000000 650.000000 Brem 
0 20000000 0.005247 1.000000e-05 400.000000 650.000000 Brem 
0 20000000 0.005247 6.309573e-06 400.000000 650.000000 Brem 
0 20000000 0.005247 3.981072e-06 400.000000 650.000000 Brem 
0 20000000 0.005247 2.511886e-06 400.000000 650.000000 Brem 
0 20000000 0.005247 1.584893e-06 400.000000 650.000000 Brem 
0 20000000 0.005247 1.000000e-06 400.000000 650.000000 Brem 
0 20000000 0.005247 6.309573e-07 400.000000 650.000000 Brem 
0 20000000 0.005247 3.981072e-07 400.000000 650.000000 Brem 
0 20000000 0.005247 2.511886e-07 400.000000 650.000000 Brem 
0 20000000 0.005247 1.584893e-07 400.000000 650.000000 Brem 
0 20000000 0.005247 1.000000e-07 400.000000 650.000000 Brem 
0 20000000 0.005247 6.309573e-08 400.000000 650.000000 Brem 
0 20000000 0.005247 3.981072e-08 400.000000 650.000000 Brem 
0 20000000 0.005247 2.511886e-08 400.000000 650.000000 Brem 
0 20000000 0.005247 1.584893e-08 400.000000 650.000000 Brem 
0 20000000 0.006836 1.000000e-05 400.000000 650.000000 Brem 
0 20000000 0.006836 6.309573e-06 400.000000 650.000000 Brem 
0 20000000 0.006836 3.981072e-06 400.000000 650.000000 Brem 
0 20000000 0.006836 2.511886e-06 400.000000 650.000000 Brem 
0 20000000 0.006836 1.584893e-06 400.000000 650.000000 Brem 
0 20000000 0.006836 1.000000e-06 400.000000 650.000000 Brem 
0 20000000 0.006836 6.309573e-07 400.000000 650.000000 Brem 
0 20000000 0.006836 3.981072e-07 400.000000 650.000000 Brem 
0 20000000 0.006836 2.511886e-07 400.000000 650.000000 Brem 
0 20000000 0.006836 1.584893e-07 400.000000 650.000000 Brem 
0 20000000 0.006836 1.000000e-07 400.000000 650.000000 Brem 
0 20000000 0.006836 6.309573e-08 400.000000 650.000000 Brem 
0 20000000 0.006836 3.981072e-08 400.000000 650.000000 Brem 
0 20000000 0.006836 2.511886e-08 400.000000 650.000000 Brem 
0 20000000 0.006836 1.584893e-08 400.000000 650.000000 Brem 
0 20000000 0.008906 1.000000e-05 400.000000 650.000000 Brem 
0 20000000 0.008906 6.309573e-06 400.000000 650.000000 Brem 
0 20000000 0.008906 3.981072e-06 400.000000 650.000000 Brem 
0 20000000 0.008906 2.511886e-06 400.000000 650.000000 Brem 
0 20000000 0.008906 1.584893e-06 400.000000 650.000000 Brem 
0 20000000 0.008906 1.000000e-06 400.000000 650.000000 Brem 
0 20000000 0.008906 6.309573e-07 400.000000 650.000000 Brem 
0 20000000 0.008906 3.981072e-07 400.000000 650.000000 Brem 
0 20000000 0.008906 2.511886e-07 400.000000 650.000000 Brem 
0 20000000 0.008906 1.584893e-07 400.000000 650.000000 Brem 
0 20000000 0.008906 1.000000e-07 400.000000 650.000000 Brem 
0 20000000 0.008906 6.309573e-08 400.000000 650.000000 Brem 
0 20000000 0.008906 3.981072e-08 400.000000 650.000000 Brem 
0 20000000 0.008906 2.511886e-08 400.000000 650.000000 Brem 
0 20000000 0.008906 1.584893e-08 400.000000 650.000000 Brem 
257688 20000000 0.011603 1.000000e-05 400.000000 650.000000 Brem 
105606 20000000 0.011603 6.309573e-06 400.000000 650.000000 Brem 
42014 20000000 0.011603 3.981072e-06 400.000000 650.000000 Brem 
16768 20000000 0.011603 2.511886e-06 400.000000 650.000000 Brem 
6542 20000000 0.011603 1.584893e-06 400.000000 650.000000 Brem 
2676 20000000 0.011603 1.000000e-06 400.000000 650.000000 Brem 
1025 20000000 0.011603 6.309573e-07 400.000000 650.000000 Brem 
437 20000000 0.011603 3.981072e-07 400.000000 650.000000 Brem 
161 20000000 0.011603 2.511886e-07 400.000000 650.000000 Brem 
55 20000000 0.011603 1.584893e-07 400.000000 650.000000 Brem 
32 20000000 0.011603 1.000000e-07 400.000000 650.000000 Brem 
14 20000000 0.011603 6.309573e-08 400.000000 650.000000 Brem 
3 20000000 0.011603 3.981072e-08 400.000000 650.000000 Brem 
3 20000000 0.011603 2.511886e-08 400.000000 650.000000 Brem 
0 20000000 0.011603 1.584893e-08 400.000000 650.000000 Brem 
551764 20000000 0.015117 1.000000e-05 400.000000 650.000000 Brem 
230281 20000000 0.015117 6.309573e-06 400.000000 650.000000 Brem 
93568 20000000 0.015117 3.981072e-06 400.000000 650.000000 Brem 
37197 20000000 0.015117 2.511886e-06 400.000000 650.000000 Brem 
14793 20000000 0.015117 1.584893e-06 400.000000 650.000000 Brem 
5920 20000000 0.015117 1.000000e-06 400.000000 650.000000 Brem 
2421 20000000 0.015117 6.309573e-07 400.000000 650.000000 Brem 
961 20000000 0.015117 3.981072e-07 400.000000 650.000000 Brem 
388 20000000 0.015117 2.511886e-07 400.000000 650.000000 Brem 
147 20000000 0.015117 1.584893e-07 400.000000 650.000000 Brem 
51 20000000 0.015117 1.000000e-07 400.000000 650.000000 Brem 
28 20000000 0.015117 6.309573e-08 400.000000 650.000000 Brem 
12 20000000 0.015117 3.981072e-08 400.000000 650.000000 Brem 
5 20000000 0.015117 2.511886e-08 400.000000 650.000000 Brem 
0 20000000 0.015117 1.584893e-08 400.000000 650.000000 Brem 
964642 20000000 0.019695 1.000000e-05 400.000000 650.000000 Brem 
413933 20000000 0.019695 6.309573e-06 400.000000 650.000000 Brem 
170722 20000000 0.019695 3.981072e-06 400.000000 650.000000 Brem 
69123 20000000 0.019695 2.511886e-06 400.000000 650.000000 Brem 
27065 20000000 0.019695 1.584893e-06 400.000000 650.000000 Brem 
11025 20000000 0.019695 1.000000e-06 400.000000 650.000000 Brem 
4366 20000000 0.019695 6.309573e-07 400.000000 650.000000 Brem 
1739 20000000 0.019695 3.981072e-07 400.000000 650.000000 Brem 
676 20000000 0.019695 2.511886e-07 400.000000 650.000000 Brem 
283 20000000 0.019695 1.584893e-07 400.000000 650.000000 Brem 
111 20000000 0.019695 1.000000e-07 400.000000 650.000000 Brem 
48 20000000 0.019695 6.309573e-08 400.000000 650.000000 Brem 
24 20000000 0.019695 3.981072e-08 400.000000 650.000000 Brem 
5 20000000 0.019695 2.511886e-08 400.000000 650.000000 Brem 
1 20000000 0.019695 1.584893e-08 400.000000 650.000000 Brem 
1490792 20000000 0.025659 1.000000e-05 400.000000 650.000000 Brem 
672653 20000000 0.025659 6.309573e-06 400.000000 650.000000 Brem 
281719 20000000 0.025659 3.981072e-06 400.000000 650.000000 Brem 
115535 20000000 0.025659 2.511886e-06 400.000000 650.000000 Brem 
46160 20000000 0.025659 1.584893e-06 400.000000 650.000000 Brem 
18446 20000000 0.025659 1.000000e-06 400.000000 650.000000 Brem 
7306 20000000 0.025659 6.309573e-07 400.000000 650.000000 Brem 
2889 20000000 0.025659 3.981072e-07 400.000000 650.000000 Brem 
1121 20000000 0.025659 2.511886e-07 400.000000 650.000000 Brem 
481 20000000 0.025659 1.584893e-07 400.000000 650.000000 Brem 
175 20000000 0.025659 1.000000e-07 400.000000 650.000000 Brem 
69 20000000 0.025659 6.309573e-08 400.000000 650.000000 Brem 
30 20000000 0.025659 3.981072e-08 400.000000 650.000000 Brem 
12 20000000 0.025659 2.511886e-08 400.000000 650.000000 Brem 
3 20000000 0.025659 1.584893e-08 400.000000 650.000000 Brem 
2308291 20000000 0.033428 1.000000e-05 400.000000 650.000000 Brem 
1139473 20000000 0.033428 6.309573e-06 400.000000 650.000000 Brem 
493552 20000000 0.033428 3.981072e-06 400.000000 650.000000 Brem 
204863 20000000 0.033428 2.511886e-06 400.000000 650.000000 Brem 
82818 20000000 0.033428 1.584893e-06 400.000000 650.000000 Brem 
33151 20000000 0.033428 1.000000e-06 400.000000 650.000000 Brem 
12955 20000000 0.033428 6.309573e-07 400.000000 650.000000 Brem 
5259 20000000 0.033428 3.981072e-07 400.000000 650.000000 Brem 
2100 20000000 0.033428 2.511886e-07 400.000000 650.000000 Brem 
806 20000000 0.033428 1.584893e-07 400.000000 650.000000 Brem 
323 20000000 0.033428 1.000000e-07 400.000000 650.000000 Brem 
135 20000000 0.033428 6.309573e-08 400.000000 650.000000 Brem 
59 20000000 0.033428 3.981072e-08 400.000000 650.000000 Brem 
23 20000000 0.033428 2.511886e-08 400.000000 650.000000 Brem 
7 20000000 0.033428 1.584893e-08 400.000000 650.000000 Brem 
3005638 20000000 0.043551 1.000000e-05 400.000000 650.000000 Brem 
1700070 20000000 0.043551 6.309573e-06 400.000000 650.000000 Brem 
781980 20000000 0.043551 3.981072e-06 400.000000 650.000000 Brem 
330218 20000000 0.043551 2.511886e-06 400.000000 650.000000 Brem 
135044 20000000 0.043551 1.584893e-06 400.000000 650.000000 Brem 
54009 20000000 0.043551 1.000000e-06 400.000000 650.000000 Brem 
21736 20000000 0.043551 6.309573e-07 400.000000 650.000000 Brem 
8616 20000000 0.043551 3.981072e-07 400.000000 650.000000 Brem 
3345 20000000 0.043551 2.511886e-07 400.000000 650.000000 Brem 
1398 20000000 0.043551 1.584893e-07 400.000000 650.000000 Brem 
487 20000000 0.043551 1.000000e-07 400.000000 650.000000 Brem 
216 20000000 0.043551 6.309573e-08 400.000000 650.000000 Brem 
80 20000000 0.043551 3.981072e-08 400.000000 650.000000 Brem 
41 20000000 0.043551 2.511886e-08 400.000000 650.000000 Brem 
17 20000000 0.043551 1.584893e-08 400.000000 650.000000 Brem 
3404399 20000000 0.056739 1.000000e-05 400.000000 650.000000 Brem 
2364411 20000000 0.056739 6.309573e-06 400.000000 650.000000 Brem 
1193438 20000000 0.056739 3.981072e-06 400.000000 650.000000 Brem 
523295 20000000 0.056739 2.511886e-06 400.000000 650.000000 Brem 
217293 20000000 0.056739 1.584893e-06 400.000000 650.000000 Brem 
87609 20000000 0.056739 1.000000e-06 400.000000 650.000000 Brem 
34973 20000000 0.056739 6.309573e-07 400.000000 650.000000 Brem 
13906 20000000 0.056739 3.981072e-07 400.000000 650.000000 Brem 
5483 20000000 0.056739 2.511886e-07 400.000000 650.000000 Brem 
2341 20000000 0.056739 1.584893e-07 400.000000 650.000000 Brem 
809 20000000 0.056739 1.000000e-07 400.000000 650.000000 Brem 
362 20000000 0.056739 6.309573e-08 400.000000 650.000000 Brem 
163 20000000 0.056739 3.981072e-08 400.000000 650.000000 Brem 
63 20000000 0.056739 2.511886e-08 400.000000 650.000000 Brem 
29 20000000 0.056739 1.584893e-08 400.000000 650.000000 Brem 
3196048 20000000 0.073920 1.000000e-05 400.000000 650.000000 Brem 
3139139 20000000 0.073920 6.309573e-06 400.000000 650.000000 Brem 
1877131 20000000 0.073920 3.981072e-06 400.000000 650.000000 Brem 
885399 20000000 0.073920 2.511886e-06 400.000000 650.000000 Brem 
377043 20000000 0.073920 1.584893e-06 400.000000 650.000000 Brem 
155195 20000000 0.073920 1.000000e-06 400.000000 650.000000 Brem 
62370 20000000 0.073920 6.309573e-07 400.000000 650.000000 Brem 
24613 20000000 0.073920 3.981072e-07 400.000000 650.000000 Brem 
9917 20000000 0.073920 2.511886e-07 400.000000 650.000000 Brem 
3879 20000000 0.073920 1.584893e-07 400.000000 650.000000 Brem 
1602 20000000 0.073920 1.000000e-07 400.000000 650.000000 Brem 
624 20000000 0.073920 6.309573e-08 400.000000 650.000000 Brem 
258 20000000 0.073920 3.981072e-08 400.000000 650.000000 Brem 
104 20000000 0.073920 2.511886e-08 400.000000 650.000000 Brem 
40 20000000 0.073920 1.584893e-08 400.000000 650.000000 Brem 
2327342 20000000 0.096304 1.000000e-05 400.000000 650.000000 Brem 
3473211 20000000 0.096304 6.309573e-06 400.000000 650.000000 Brem 
2644700 20000000 0.096304 3.981072e-06 400.000000 650.000000 Brem 
1389063 20000000 0.096304 2.511886e-06 400.000000 650.000000 Brem 
619897 20000000 0.096304 1.584893e-06 400.000000 650.000000 Brem 
258654 20000000 0.096304 1.000000e-06 400.000000 650.000000 Brem 
105445 20000000 0.096304 6.309573e-07 400.000000 650.000000 Brem 
41940 20000000 0.096304 3.981072e-07 400.000000 650.000000 Brem 
16920 20000000 0.096304 2.511886e-07 400.000000 650.000000 Brem 
6572 20000000 0.096304 1.584893e-07 400.000000 650.000000 Brem 
2628 20000000 0.096304 1.000000e-07 400.000000 650.000000 Brem 
1075 20000000 0.096304 6.309573e-08 400.000000 650.000000 Brem 
407 20000000 0.096304 3.981072e-08 400.000000 650.000000 Brem 
170 20000000 0.096304 2.511886e-08 400.000000 650.000000 Brem 
62 20000000 0.096304 1.584893e-08 400.000000 650.000000 Brem 
1367601 20000000 0.125467 1.000000e-05 400.000000 650.000000 Brem 
3105360 20000000 0.125467 6.309573e-06 400.000000 650.000000 Brem 
3258366 20000000 0.125467 3.981072e-06 400.000000 650.000000 Brem 
2021169 20000000 0.125467 2.511886e-06 400.000000 650.000000 Brem 
966594 20000000 0.125467 1.584893e-06 400.000000 650.000000 Brem 
416314 20000000 0.125467 1.000000e-06 400.000000 650.000000 Brem 
170443 20000000 0.125467 6.309573e-07 400.000000 650.000000 Brem 
69031 20000000 0.125467 3.981072e-07 400.000000 650.000000 Brem 
27436 20000000 0.125467 2.511886e-07 400.000000 650.000000 Brem 
11011 20000000 0.125467 1.584893e-07 400.000000 650.000000 Brem 
4340 20000000 0.125467 1.000000e-07 400.000000 650.000000 Brem 
1732 20000000 0.125467 6.309573e-08 400.000000 650.000000 Brem 
668 20000000 0.125467 3.981072e-08 400.000000 650.000000 Brem 
260 20000000 0.125467 2.511886e-08 400.000000 650.000000 Brem 
104 20000000 0.125467 1.584893e-08 400.000000 650.000000 Brem 
604898 20000000 0.163460 1.000000e-05 400.000000 650.000000 Brem 
2106155 20000000 0.163460 6.309573e-06 400.000000 650.000000 Brem 
3442884 20000000 0.163460 3.981072e-06 400.000000 650.000000 Brem 
2798901 20000000 0.163460 2.511886e-06 400.000000 650.000000 Brem 
1520195 20000000 0.163460 1.584893e-06 400.000000 650.000000 Brem 
688262 20000000 0.163460 1.000000e-06 400.000000 650.000000 Brem 
288121 20000000 0.163460 6.309573e-07 400.000000 650.000000 Brem 
117880 20000000 0.163460 3.981072e-07 400.000000 650.000000 Brem 
46927 20000000 0.163460 2.511886e-07 400.000000 650.000000 Brem 
18852 20000000 0.163460 1.584893e-07 400.000000 650.000000 Brem 
7548 20000000 0.163460 1.000000e-07 400.000000 650.000000 Brem 
3019 20000000 0.163460 6.309573e-08 400.000000 650.000000 Brem 
1175 20000000 0.163460 3.981072e-08 400.000000 650.000000 Brem 
476 20000000 0.163460 2.511886e-08 400.000000 650.000000 Brem 
194 20000000 0.163460 1.584893e-08 400.000000 650.000000 Brem 
153035 20000000 0.212958 1.000000e-05 400.000000 650.000000 Brem 
935971 20000000 0.212958 6.309573e-06 400.000000 650.000000 Brem 
2565999 20000000 0.212958 3.981072e-06 400.000000 650.000000 Brem 
3416191 20000000 0.212958 2.511886e-06 400.000000 650.000000 Brem 
2447115 20000000 0.212958 1.584893e-06 400.000000 650.000000 Brem 
1249304 20000000 0.212958 1.000000e-06 400.000000 650.000000 Brem 
551304 20000000 0.212958 6.309573e-07 400.000000 650.000000 Brem 
229146 20000000 0.212958 3.981072e-07 400.000000 650.000000 Brem 
93192 20000000 0.212958 2.511886e-07 400.000000 650.000000 Brem 
37260 20000000 0.212958 1.584893e-07 400.000000 650.000000 Brem 
14763 20000000 0.212958 1.000000e-07 400.000000 650.000000 Brem 
5756 20000000 0.212958 6.309573e-08 400.000000 650.000000 Brem 
2497 20000000 0.212958 3.981072e-08 400.000000 650.000000 Brem 
915 20000000 0.212958 2.511886e-08 400.000000 650.000000 Brem 
382 20000000 0.212958 1.584893e-08 400.000000 650.000000 Brem 
2099 20000000 0.277445 1.000000e-05 400.000000 650.000000 Brem 
121832 20000000 0.277445 6.309573e-06 400.000000 650.000000 Brem 
912132 20000000 0.277445 3.981072e-06 400.000000 650.000000 Brem 
2577536 20000000 0.277445 2.511886e-06 400.000000 650.000000 Brem 
3418627 20000000 0.277445 1.584893e-06 400.000000 650.000000 Brem 
2459296 20000000 0.277445 1.000000e-06 400.000000 650.000000 Brem 
1264221 20000000 0.277445 6.309573e-07 400.000000 650.000000 Brem 
559116 20000000 0.277445 3.981072e-07 400.000000 650.000000 Brem 
232840 20000000 0.277445 2.511886e-07 400.000000 650.000000 Brem 
94676 20000000 0.277445 1.584893e-07 400.000000 650.000000 Brem 
37521 20000000 0.277445 1.000000e-07 400.000000 650.000000 Brem 
15018 20000000 0.277445 6.309573e-08 400.000000 650.000000 Brem 
5967 20000000 0.277445 3.981072e-08 400.000000 650.000000 Brem 
2392 20000000 0.277445 2.511886e-08 400.000000 650.000000 Brem 
945 20000000 0.277445 1.584893e-08 400.000000 650.000000 Brem 
5 20000000 0.361459 1.000000e-05 400.000000 650.000000 Brem 
9062 20000000 0.361459 6.309573e-06 400.000000 650.000000 Brem 
242746 20000000 0.361459 3.981072e-06 400.000000 650.000000 Brem 
1269521 20000000 0.361459 2.511886e-06 400.000000 650.000000 Brem 
3009719 20000000 0.361459 1.584893e-06 400.000000 650.000000 Brem 
3301862 20000000 0.361459 1.000000e-06 400.000000 650.000000 Brem 
2105572 20000000 0.361459 6.309573e-07 400.000000 650.000000 Brem 
1021736 20000000 0.361459 3.981072e-07 400.000000 650.000000 Brem 
439903 20000000 0.361459 2.511886e-07 400.000000 650.000000 Brem 
181920 20000000 0.361459 1.584893e-07 400.000000 650.000000 Brem 
73397 20000000 0.361459 1.000000e-07 400.000000 650.000000 Brem 
29177 20000000 0.361459 6.309573e-08 400.000000 650.000000 Brem 
11683 20000000 0.361459 3.981072e-08 400.000000 650.000000 Brem 
4581 20000000 0.361459 2.511886e-08 400.000000 650.000000 Brem 
1886 20000000 0.361459 1.584893e-08 400.000000 650.000000 Brem 
0 20000000 0.470915 1.000000e-05 400.000000 650.000000 Brem 
151 20000000 0.470915 6.309573e-06 400.000000 650.000000 Brem 
43966 20000000 0.470915 3.981072e-06 400.000000 650.000000 Brem 
527558 20000000 0.470915 2.511886e-06 400.000000 650.000000 Brem 
1849085 20000000 0.470915 1.584893e-06 400.000000 650.000000 Brem 
3287469 20000000 0.470915 1.000000e-06 400.000000 650.000000 Brem 
2953482 20000000 0.470915 6.309573e-07 400.000000 650.000000 Brem 
1697853 20000000 0.470915 3.981072e-07 400.000000 650.000000 Brem 
785902 20000000 0.470915 2.511886e-07 400.000000 650.000000 Brem 
333420 20000000 0.470915 1.584893e-07 400.000000 650.000000 Brem 
136252 20000000 0.470915 1.000000e-07 400.000000 650.000000 Brem 
54967 20000000 0.470915 6.309573e-08 400.000000 650.000000 Brem 
21815 20000000 0.470915 3.981072e-08 400.000000 650.000000 Brem 
8663 20000000 0.470915 2.511886e-08 400.000000 650.000000 Brem 
3495 20000000 0.470915 1.584893e-08 400.000000 650.000000 Brem 
0 20000000 0.613515 1.000000e-05 400.000000 650.000000 Brem 
0 20000000 0.613515 6.309573e-06 400.000000 650.000000 Brem 
123 20000000 0.613515 3.981072e-06 400.000000 650.000000 Brem 
44455 20000000 0.613515 2.511886e-06 400.000000 650.000000 Brem 
627397 20000000 0.613515 1.584893e-06 400.000000 650.000000 Brem 
2154084 20000000 0.613515 1.000000e-06 400.000000 650.000000 Brem 
3330583 20000000 0.613515 6.309573e-07 400.000000 650.000000 Brem 
2776310 20000000 0.613515 3.981072e-07 400.000000 650.000000 Brem 
1551390 20000000 0.613515 2.511886e-07 400.000000 650.000000 Brem 
712063 20000000 0.613515 1.584893e-07 400.000000 650.000000 Brem 
300191 20000000 0.613515 1.000000e-07 400.000000 650.000000 Brem 
122695 20000000 0.613515 6.309573e-08 400.000000 650.000000 Brem 
49086 20000000 0.613515 3.981072e-08 400.000000 650.000000 Brem 
19864 20000000 0.613515 2.511886e-08 400.000000 650.000000 Brem 
7741 20000000 0.613515 1.584893e-08 400.000000 650.000000 Brem 
0 20000000 0.799296 1.000000e-05 400.000000 650.000000 Brem 
0 20000000 0.799296 6.309573e-06 400.000000 650.000000 Brem 
0 20000000 0.799296 3.981072e-06 400.000000 650.000000 Brem 
1 20000000 0.799296 2.511886e-06 400.000000 650.000000 Brem 
3691 20000000 0.799296 1.584893e-06 400.000000 650.000000 Brem 
203605 20000000 0.799296 1.000000e-06 400.000000 650.000000 Brem 
1198049 20000000 0.799296 6.309573e-07 400.000000 650.000000 Brem 
2727091 20000000 0.799296 3.981072e-07 400.000000 650.000000 Brem 
3265989 20000000 0.799296 2.511886e-07 400.000000 650.000000 Brem 
2276892 20000000 0.799296 1.584893e-07 400.000000 650.000000 Brem 
1160765 20000000 0.799296 1.000000e-07 400.000000 650.000000 Brem 
509758 20000000 0.799296 6.309573e-08 400.000000 650.000000 Brem 
212973 20000000 0.799296 3.981072e-08 400.000000 650.000000 Brem 
86398 20000000 0.799296 2.511886e-08 400.000000 650.000000 Brem 
34366 20000000 0.799296 1.584893e-08 400.000000 650.000000 Brem 
0 20000000 1.041330 1.000000e-05 400.000000 650.000000 Brem 
0 20000000 1.041330 6.309573e-06 400.000000 650.000000 Brem 
0 20000000 1.041330 3.981072e-06 400.000000 650.000000 Brem 
31 20000000 1.041330 2.511886e-06 400.000000 650.000000 Brem 
26970 20000000 1.041330 1.584893e-06 400.000000 650.000000 Brem 
480925 20000000 1.041330 1.000000e-06 400.000000 650.000000 Brem 
1813128 20000000 1.041330 6.309573e-07 400.000000 650.000000 Brem 
3236663 20000000 1.041330 3.981072e-07 400.000000 650.000000 Brem 
2987931 20000000 1.041330 2.511886e-07 400.000000 650.000000 Brem 
1749773 20000000 1.041330 1.584893e-07 400.000000 650.000000 Brem 
820230 20000000 1.041330 1.000000e-07 400.000000 650.000000 Brem 
348769 20000000 1.041330 6.309573e-08 400.000000 650.000000 Brem 
143260 20000000 1.041330 3.981072e-08 400.000000 650.000000 Brem 
57225 20000000 1.041330 2.511886e-08 400.000000 650.000000 Brem 
23093 20000000 1.041330 1.584893e-08 400.000000 650.000000 Brem 
0 20000000 1.356670 1.000000e-05 400.000000 650.000000 Brem 
0 20000000 1.356670 6.309573e-06 400.000000 650.000000 Brem 
0 20000000 1.356670 3.981072e-06 400.000000 650.000000 Brem 
0 20000000 1.356670 2.511886e-06 400.000000 650.000000 Brem 
2253 20000000 1.356670 1.584893e-06 400.000000 650.000000 Brem 
183321 20000000 1.356670 1.000000e-06 400.000000 650.000000 Brem 
1236040 20000000 1.356670 6.309573e-07 400.000000 650.000000 Brem 
2758787 20000000 1.356670 3.981072e-07 400.000000 650.000000 Brem 
3238684 20000000 1.356670 2.511886e-07 400.000000 650.000000 Brem 
2262295 20000000 1.356670 1.584893e-07 400.000000 650.000000 Brem 
1156933 20000000 1.356670 1.000000e-07 400.000000 650.000000 Brem 
510473 20000000 1.356670 6.309573e-08 400.000000 650.000000 Brem 
213204 20000000 1.356670 3.981072e-08 400.000000 650.000000 Brem 
86325 20000000 1.356670 2.511886e-08 400.000000 650.000000 Brem 
34565 20000000 1.356670 1.584893e-08 400.000000 650.000000 Brem 
0 20000000 1.767490 1.000000e-05 400.000000 650.000000 Brem 
0 20000000 1.767490 6.309573e-06 400.000000 650.000000 Brem 
0 20000000 1.767490 3.981072e-06 400.000000 650.000000 Brem 
0 20000000 1.767490 2.511886e-06 400.000000 650.000000 Brem 
0 20000000 1.767490 1.584893e-06 400.000000 650.000000 Brem 
4053 20000000 1.767490 1.000000e-06 400.000000 650.000000 Brem 
234448 20000000 1.767490 6.309573e-07 400.000000 650.000000 Brem 
1367377 20000000 1.767490 3.981072e-07 400.000000 650.000000 Brem 
2908817 20000000 1.767490 2.511886e-07 400.000000 650.000000 Brem 
3211226 20000000 1.767490 1.584893e-07 400.000000 650.000000 Brem 
2133417 20000000 1.767490 1.000000e-07 400.000000 650.000000 Brem 
1063268 20000000 1.767490 6.309573e-08 400.000000 650.000000 Brem 
464342 20000000 1.767490 3.981072e-08 400.000000 650.000000 Brem 
191743 20000000 1.767490 2.511886e-08 400.000000 650.000000 Brem 
77792 20000000 1.767490 1.584893e-08 400.000000 650.000000 Brem 
0 20000000 2.302710 1.000000e-05 400.000000 650.000000 Brem 
0 20000000 2.302710 6.309573e-06 400.000000 650.000000 Brem 
0 20000000 2.302710 3.981072e-06 400.000000 650.000000 Brem 
0 20000000 2.302710 2.511886e-06 400.000000 650.000000 Brem 
0 20000000 2.302710 1.584893e-06 400.000000 650.000000 Brem 
201 20000000 2.302710 1.000000e-06 400.000000 650.000000 Brem 
68831 20000000 2.302710 6.309573e-07 400.000000 650.000000 Brem 
858782 20000000 2.302710 3.981072e-07 400.000000 650.000000 Brem 
2401838 20000000 2.302710 2.511886e-07 400.000000 650.000000 Brem 
3258562 20000000 2.302710 1.584893e-07 400.000000 650.000000 Brem 
2585158 20000000 2.302710 1.000000e-07 400.000000 650.000000 Brem 
1421360 20000000 2.302710 6.309573e-08 400.000000 650.000000 Brem 
648644 20000000 2.302710 3.981072e-08 400.000000 650.000000 Brem 
273641 20000000 2.302710 2.511886e-08 400.000000 650.000000 Brem 
110920 20000000 2.302710 1.584893e-08 400.000000 650.000000 Brem 
0 20000000 3.000000 1.000000e-05 400.000000 650.000000 Brem 
0 20000000 3.000000 6.309573e-06 400.000000 650.000000 Brem 
0 20000000 3.000000 3.981072e-06 400.000000 650.000000 Brem 
0 20000000 3.000000 2.511886e-06 400.000000 650.000000 Brem 
0 20000000 3.000000 1.584893e-06 400.000000 650.000000 Brem 
0 20000000 3.000000 1.000000e-06 400.000000 650.000000 Brem 
3815 20000000 3.000000 6.309573e-07 400.000000 650.000000 Brem 
252771 20000000 3.000000 3.981072e-07 400.000000 650.000000 Brem 
1434394 20000000 3.000000 2.511886e-07 400.000000 650.000000 Brem 
2865693 20000000 3.000000 1.584893e-07 400.000000 650.000000 Brem 
3155849 20000000 3.000000 1.000000e-07 400.000000 650.000000 Brem 
2126397 20000000 3.000000 6.309573e-08 400.000000 650.000000 Brem 
1070308 20000000 3.000000 3.981072e-08 400.000000 650.000000 Brem 
470198 20000000 3.000000 2.511886e-08 400.000000 650.000000 Brem 
194623 20000000 3.000000 1.584893e-08 400.000000 650.000000 Brem 
0 20000000 0.001073 1.000000e-05 400.000000 650.000000 Eta 
0 20000000 0.001073 6.309573e-06 400.000000 650.000000 Eta 
0 20000000 0.001073 3.981072e-06 400.000000 650.000000 Eta 
0 20000000 0.001073 2.511886e-06 400.000000 650.000000 Eta 
0 20000000 0.001073 1.584893e-06 400.000000 650.000000 Eta 
0 20000000 0.001073 1.000000e-06 400.000000 650.000000 Eta 
0 20000000 0.001073 6.309573e-07 400.000000 650.000000 Eta 
0 20000000 0.001073 3.981072e-07 400.000000 650.000000 Eta 
0 20000000 0.001073 2.511886e-07 400.000000 650.000000 Eta 
0 20000000 0.001073 1.584893e-07 400.000000 650.000000 Eta 
0 20000000 0.001073 1.000000e-07 400.000000 650.000000 Eta 
0 20000000 0.001073 6.309573e-08 400.000000 650.000000 Eta 
0 20000000 0.001073 3.981072e-08 400.000000 650.000000 Eta 
0 20000000 0.001073 2.511886e-08 400.000000 650.000000 Eta 
0 20000000 0.001073 1.584893e-08 400.000000 650.000000 Eta 
0 20000000 0.001320 1.000000e-05 400.000000 650.000000 Eta 
0 20000000 0.001320 6.309573e-06 400.000000 650.000000 Eta 
0 20000000 0.001320 3.981072e-06 400.000000 650.000000 Eta 
0 20000000 0.001320 2.511886e-06 400.000000 650.000000 Eta 
0 20000000 0.001320 1.584893e-06 400.000000 650.000000 Eta 
0 20000000 0.001320 1.000000e-06 400.000000 650.000000 Eta 
0 20000000 0.001320 6.309573e-07 400.000000 650.000000 Eta 
0 20000000 0.001320 3.981072e-07 400.000000 650.000000 Eta 
0 20000000 0.001320 2.511886e-07 400.000000 650.000000 Eta 
0 20000000 0.001320 1.584893e-07 400.000000 650.000000 Eta 
0 20000000 0.001320 1.000000e-07 400.000000 650.000000 Eta 
0 20000000 0.001320 6.309573e-08 400.000000 650.000000 Eta 
0 20000000 0.001320 3.981072e-08 400.000000 650.000000 Eta 
0 20000000 0.001320 2.511886e-08 400.000000 650.000000 Eta 
0 20000000 0.001320 1.584893e-08 400.000000 650.000000 Eta 
0 20000000 0.001625 1.000000e-05 400.000000 650.000000 Eta 
0 20000000 0.001625 6.309573e-06 400.000000 650.000000 Eta 
0 20000000 0.001625 3.981072e-06 400.000000 650.000000 Eta 
0 20000000 0.001625 2.511886e-06 400.000000 650.000000 Eta 
0 20000000 0.001625 1.584893e-06 400.000000 650.000000 Eta 
0 20000000 0.001625 1.000000e-06 400.000000 650.000000 Eta 
0 20000000 0.001625 6.309573e-07 400.000000 650.000000 Eta 
0 20000000 0.001625 3.981072e-07 400.000000 650.000000 Eta 
0 20000000 0.001625 2.511886e-07 400.000000 650.000000 Eta 
0 20000000 0.001625 1.584893e-07 400.000000 650.000000 Eta 
0 20000000 0.001625 1.000000e-07 400.000000 650.000000 Eta 
0 20000000 0.001625 6.309573e-08 400.000000 650.000000 Eta 
0 20000000 0.001625 3.981072e-08 400.000000 650.000000 Eta 
0 20000000 0.001625 2.511886e-08 400.000000 650.000000 Eta 
0 20000000 0.001625 1.584893e-08 400.000000 650.000000 Eta 
0 20000000 0.001999 1.000000e-05 400.000000 650.000000 Eta 
0 20000000 0.001999 6.309573e-06 400.000000 650.000000 Eta 
0 20000000 0.001999 3.981072e-06 400.000000 650.000000 Eta 
0 20000000 0.001999 2.511886e-06 400.000000 650.000000 Eta 
0 20000000 0.001999 1.584893e-06 400.000000 650.000000 Eta 
0 20000000 0.001999 1.000000e-06 400.000000 650.000000 Eta 
0 20000000 0.001999 6.309573e-07 400.000000 650.000000 Eta 
0 20000000 0.001999 3.981072e-07 400.000000 650.000000 Eta 
0 20000000 0.001999 2.511886e-07 400.000000 650.000000 Eta 
0 20000000 0.001999 1.584893e-07 400.000000 650.000000 Eta 
0 20000000 0.001999 1.000000e-07 400.000000 650.000000 Eta 
0 20000000 0.001999 6.309573e-08 400.000000 650.000000 Eta 
0 20000000 0.001999 3.981072e-08 400.000000 650.000000 Eta 
0 20000000 0.001999 2.511886e-08 400.000000 650.000000 Eta 
0 20000000 0.001999 1.584893e-08 400.000000 650.000000 Eta 
0 20000000 0.002460 1.000000e-05 400.000000 650.000000 Eta 
0 20000000 0.002460 6.309573e-06 400.000000 650.000000 Eta 
0 20000000 0.002460 3.981072e-06 400.000000 650.000000 Eta 
0 20000000 0.002460 2.511886e-06 400.000000 650.000000 Eta 
0 20000000 0.002460 1.584893e-06 400.000000 650.000000 Eta 
0 20000000 0.002460 1.000000e-06 400.000000 650.000000 Eta 
0 20000000 0.002460 6.309573e-07 400.000000 650.000000 Eta 
0 20000000 0.002460 3.981072e-07 400.000000 650.000000 Eta 
0 20000000 0.002460 2.511886e-07 400.000000 650.000000 Eta 
0 20000000 0.002460 1.584893e-07 400.000000 650.000000 Eta 
0 20000000 0.002460 1.000000e-07 400.000000 650.000000 Eta 
0 20000000 0.002460 6.309573e-08 400.000000 650.000000 Eta 
0 20000000 0.002460 3.981072e-08 400.000000 650.000000 Eta 
0 20000000 0.002460 2.511886e-08 400.000000 650.000000 Eta 
0 20000000 0.002460 1.584893e-08 400.000000 650.000000 Eta 
0 20000000 0.003026 1.000000e-05 400.000000 650.000000 Eta 
0 20000000 0.003026 6.309573e-06 400.000000 650.000000 Eta 
0 20000000 0.003026 3.981072e-06 400.000000 650.000000 Eta 
0 20000000 0.003026 2.511886e-06 400.000000 650.000000 Eta 
0 20000000 0.003026 1.584893e-06 400.000000 650.000000 Eta 
0 20000000 0.003026 1.000000e-06 400.000000 650.000000 Eta 
0 20000000 0.003026 6.309573e-07 400.000000 650.000000 Eta 
0 20000000 0.003026 3.981072e-07 400.000000 650.000000 Eta 
0 20000000 0.003026 2.511886e-07 400.000000 650.000000 Eta 
0 20000000 0.003026 1.584893e-07 400.000000 650.000000 Eta 
0 20000000 0.003026 1.000000e-07 400.000000 650.000000 Eta 
0 20000000 0.003026 6.309573e-08 400.000000 650.000000 Eta 
0 20000000 0.003026 3.981072e-08 400.000000 650.000000 Eta 
0 20000000 0.003026 2.511886e-08 400.000000 650.000000 Eta 
0 20000000 0.003026 1.584893e-08 400.000000 650.000000 Eta 
0 20000000 0.003724 1.000000e-05 400.000000 650.000000 Eta 
0 20000000 0.003724 6.309573e-06 400.000000 650.000000 Eta 
0 20000000 0.003724 3.981072e-06 400.000000 650.000000 Eta 
0 20000000 0.003724 2.511886e-06 400.000000 650.000000 Eta 
0 20000000 0.003724 1.584893e-06 400.000000 650.000000 Eta 
0 20000000 0.003724 1.000000e-06 400.000000 650.000000 Eta 
0 20000000 0.003724 6.309573e-07 400.000000 650.000000 Eta 
0 20000000 0.003724 3.981072e-07 400.000000 650.000000 Eta 
0 20000000 0.003724 2.511886e-07 400.000000 650.000000 Eta 
0 20000000 0.003724 1.584893e-07 400.000000 650.000000 Eta 
0 20000000 0.003724 1.000000e-07 400.000000 650.000000 Eta 
0 20000000 0.003724 6.309573e-08 400.000000 650.000000 Eta 
0 20000000 0.003724 3.981072e-08 400.000000 650.000000 Eta 
0 20000000 0.003724 2.511886e-08 400.000000 650.000000 Eta 
0 20000000 0.003724 1.584893e-08 400.000000 650.000000 Eta 
0 20000000 0.004582 1.000000e-05 400.000000 650.000000 Eta 
0 20000000 0.004582 6.309573e-06 400.000000 650.000000 Eta 
0 20000000 0.004582 3.981072e-06 400.000000 650.000000 Eta 
0 20000000 0.004582 2.511886e-06 400.000000 650.000000 Eta 
0 20000000 0.004582 1.584893e-06 400.000000 650.000000 Eta 
0 20000000 0.004582 1.000000e-06 400.000000 650.000000 Eta 
0 20000000 0.004582 6.309573e-07 400.000000 650.000000 Eta 
0 20000000 0.004582 3.981072e-07 400.000000 650.000000 Eta 
0 20000000 0.004582 2.511886e-07 400.000000 650.000000 Eta 
0 20000000 0.004582 1.584893e-07 400.000000 650.000000 Eta 
0 20000000 0.004582 1.000000e-07 400.000000 650.000000 Eta 
0 20000000 0.004582 6.309573e-08 400.000000 650.000000 Eta 
0 20000000 0.004582 3.981072e-08 400.000000 650.000000 Eta 
0 20000000 0.004582 2.511886e-08 400.000000 650.000000 Eta 
0 20000000 0.004582 1.584893e-08 400.000000 650.000000 Eta 
0 20000000 0.005638 1.000000e-05 400.000000 650.000000 Eta 
0 20000000 0.005638 6.309573e-06 400.000000 650.000000 Eta 
0 20000000 0.005638 3.981072e-06 400.000000 650.000000 Eta 
0 20000000 0.005638 2.511886e-06 400.000000 650.000000 Eta 
0 20000000 0.005638 1.584893e-06 400.000000 650.000000 Eta 
0 20000000 0.005638 1.000000e-06 400.000000 650.000000 Eta 
0 20000000 0.005638 6.309573e-07 400.000000 650.000000 Eta 
0 20000000 0.005638 3.981072e-07 400.000000 650.000000 Eta 
0 20000000 0.005638 2.511886e-07 400.000000 650.000000 Eta 
0 20000000 0.005638 1.584893e-07 400.000000 650.000000 Eta 
0 20000000 0.005638 1.000000e-07 400.000000 650.000000 Eta 
0 20000000 0.005638 6.309573e-08 400.000000 650.000000 Eta 
0 20000000 0.005638 3.981072e-08 400.000000 650.000000 Eta 
0 20000000 0.005638 2.511886e-08 400.000000 650.000000 Eta 
0 20000000 0.005638 1.584893e-08 400.000000 650.000000 Eta 
0 20000000 0.006937 1.000000e-05 400.000000 650.000000 Eta 
0 20000000 0.006937 6.309573e-06 400.000000 650.000000 Eta 
0 20000000 0.006937 3.981072e-06 400.000000 650.000000 Eta 
0 20000000 0.006937 2.511886e-06 400.000000 650.000000 Eta 
0 20000000 0.006937 1.584893e-06 400.000000 650.000000 Eta 
0 20000000 0.006937 1.000000e-06 400.000000 650.000000 Eta 
0 20000000 0.006937 6.309573e-07 400.000000 650.000000 Eta 
0 20000000 0.006937 3.981072e-07 400.000000 650.000000 Eta 
0 20000000 0.006937 2.511886e-07 400.000000 650.000000 Eta 
0 20000000 0.006937 1.584893e-07 400.000000 650.000000 Eta 
0 20000000 0.006937 1.000000e-07 400.000000 650.000000 Eta 
0 20000000 0.006937 6.309573e-08 400.000000 650.000000 Eta 
0 20000000 0.006937 3.981072e-08 400.000000 650.000000 Eta 
0 20000000 0.006937 2.511886e-08 400.000000 650.000000 Eta 
0 20000000 0.006937 1.584893e-08 400.000000 650.000000 Eta 
0 20000000 0.008535 1.000000e-05 400.000000 650.000000 Eta 
0 20000000 0.008535 6.309573e-06 400.000000 650.000000 Eta 
0 20000000 0.008535 3.981072e-06 400.000000 650.000000 Eta 
0 20000000 0.008535 2.511886e-06 400.000000 650.000000 Eta 
0 20000000 0.008535 1.584893e-06 400.000000 650.000000 Eta 
0 20000000 0.008535 1.000000e-06 400.000000 650.000000 Eta 
0 20000000 0.008535 6.309573e-07 400.000000 650.000000 Eta 
0 20000000 0.008535 3.981072e-07 400.000000 650.000000 Eta 
0 20000000 0.008535 2.511886e-07 400.000000 650.000000 Eta 
0 20000000 0.008535 1.584893e-07 400.000000 650.000000 Eta 
0 20000000 0.008535 1.000000e-07 400.000000 650.000000 Eta 
0 20000000 0.008535 6.309573e-08 400.000000 650.000000 Eta 
0 20000000 0.008535 3.981072e-08 400.000000 650.000000 Eta 
0 20000000 0.008535 2.511886e-08 400.000000 650.000000 Eta 
0 20000000 0.008535 1.584893e-08 400.000000 650.000000 Eta 
1253015 20000000 0.010502 1.000000e-05 400.000000 650.000000 Eta 
770559 20000000 0.010502 6.309573e-06 400.000000 650.000000 Eta 
431300 20000000 0.010502 3.981072e-06 400.000000 650.000000 Eta 
224718 20000000 0.010502 2.511886e-06 400.000000 650.000000 Eta 
113327 20000000 0.010502 1.584893e-06 400.000000 650.000000 Eta 
57696 20000000 0.010502 1.000000e-06 400.000000 650.000000 Eta 
26950 20000000 0.010502 6.309573e-07 400.000000 650.000000 Eta 
11552 20000000 0.010502 3.981072e-07 400.000000 650.000000 Eta 
4740 20000000 0.010502 2.511886e-07 400.000000 650.000000 Eta 
1921 20000000 0.010502 1.584893e-07 400.000000 650.000000 Eta 
822 20000000 0.010502 1.000000e-07 400.000000 650.000000 Eta 
342 20000000 0.010502 6.309573e-08 400.000000 650.000000 Eta 
107 20000000 0.010502 3.981072e-08 400.000000 650.000000 Eta 
51 20000000 0.010502 2.511886e-08 400.000000 650.000000 Eta 
19 20000000 0.010502 1.584893e-08 400.000000 650.000000 Eta 
2001909 20000000 0.012922 1.000000e-05 400.000000 650.000000 Eta 
1470688 20000000 0.012922 6.309573e-06 400.000000 650.000000 Eta 
920022 20000000 0.012922 3.981072e-06 400.000000 650.000000 Eta 
512402 20000000 0.012922 2.511886e-06 400.000000 650.000000 Eta 
255172 20000000 0.012922 1.584893e-06 400.000000 650.000000 Eta 
116469 20000000 0.012922 1.000000e-06 400.000000 650.000000 Eta 
48783 20000000 0.012922 6.309573e-07 400.000000 650.000000 Eta 
19909 20000000 0.012922 3.981072e-07 400.000000 650.000000 Eta 
8095 20000000 0.012922 2.511886e-07 400.000000 650.000000 Eta 
3160 20000000 0.012922 1.584893e-07 400.000000 650.000000 Eta 
1260 20000000 0.012922 1.000000e-07 400.000000 650.000000 Eta 
522 20000000 0.012922 6.309573e-08 400.000000 650.000000 Eta 
200 20000000 0.012922 3.981072e-08 400.000000 650.000000 Eta 
80 20000000 0.012922 2.511886e-08 400.000000 650.000000 Eta 
31 20000000 0.012922 1.584893e-08 400.000000 650.000000 Eta 
2219156 20000000 0.015900 1.000000e-05 400.000000 650.000000 Eta 
1812970 20000000 0.015900 6.309573e-06 400.000000 650.000000 Eta 
1218175 20000000 0.015900 3.981072e-06 400.000000 650.000000 Eta 
679684 20000000 0.015900 2.511886e-06 400.000000 650.000000 Eta 
348674 20000000 0.015900 1.584893e-06 400.000000 650.000000 Eta 
173188 20000000 0.015900 1.000000e-06 400.000000 650.000000 Eta 
84519 20000000 0.015900 6.309573e-07 400.000000 650.000000 Eta 
39459 20000000 0.015900 3.981072e-07 400.000000 650.000000 Eta 
16794 20000000 0.015900 2.511886e-07 400.000000 650.000000 Eta 
6893 20000000 0.015900 1.584893e-07 400.000000 650.000000 Eta 
2857 20000000 0.015900 1.000000e-07 400.000000 650.000000 Eta 
1095 20000000 0.015900 6.309573e-08 400.000000 650.000000 Eta 
408 20000000 0.015900 3.981072e-08 400.000000 650.000000 Eta 
189 20000000 0.015900 2.511886e-08 400.000000 650.000000 Eta 
76 20000000 0.015900 1.584893e-08 400.000000 650.000000 Eta 
2196721 20000000 0.019564 1.000000e-05 400.000000 650.000000 Eta 
2020167 20000000 0.019564 6.309573e-06 400.000000 650.000000 Eta 
1459875 20000000 0.019564 3.981072e-06 400.000000 650.000000 Eta 
919609 20000000 0.019564 2.511886e-06 400.000000 650.000000 Eta 
526262 20000000 0.019564 1.584893e-06 400.000000 650.000000 Eta 
273494 20000000 0.019564 1.000000e-06 400.000000 650.000000 Eta 
144865 20000000 0.019564 6.309573e-07 400.000000 650.000000 Eta 
76235 20000000 0.019564 3.981072e-07 400.000000 650.000000 Eta 
36513 20000000 0.019564 2.511886e-07 400.000000 650.000000 Eta 
15756 20000000 0.019564 1.584893e-07 400.000000 650.000000 Eta 
6640 20000000 0.019564 1.000000e-07 400.000000 650.000000 Eta 
2690 20000000 0.019564 6.309573e-08 400.000000 650.000000 Eta 
1078 20000000 0.019564 3.981072e-08 400.000000 650.000000 Eta 
440 20000000 0.019564 2.511886e-08 400.000000 650.000000 Eta 
195 20000000 0.019564 1.584893e-08 400.000000 650.000000 Eta 
2208013 20000000 0.024072 1.000000e-05 400.000000 650.000000 Eta 
2316005 20000000 0.024072 6.309573e-06 400.000000 650.000000 Eta 
1869634 20000000 0.024072 3.981072e-06 400.000000 650.000000 Eta 
1226641 20000000 0.024072 2.511886e-06 400.000000 650.000000 Eta 
720362 20000000 0.024072 1.584893e-06 400.000000 650.000000 Eta 
376275 20000000 0.024072 1.000000e-06 400.000000 650.000000 Eta 
175570 20000000 0.024072 6.309573e-07 400.000000 650.000000 Eta 
74754 20000000 0.024072 3.981072e-07 400.000000 650.000000 Eta 
30732 20000000 0.024072 2.511886e-07 400.000000 650.000000 Eta 
12691 20000000 0.024072 1.584893e-07 400.000000 650.000000 Eta 
5010 20000000 0.024072 1.000000e-07 400.000000 650.000000 Eta 
1950 20000000 0.024072 6.309573e-08 400.000000 650.000000 Eta 
761 20000000 0.024072 3.981072e-08 400.000000 650.000000 Eta 
296 20000000 0.024072 2.511886e-08 400.000000 650.000000 Eta 
131 20000000 0.024072 1.584893e-08 400.000000 650.000000 Eta 
2079993 20000000 0.029619 1.000000e-05 400.000000 650.000000 Eta 
2374736 20000000 0.029619 6.309573e-06 400.000000 650.000000 Eta 
2031478 20000000 0.029619 3.981072e-06 400.000000 650.000000 Eta 
1374764 20000000 0.029619 2.511886e-06 400.000000 650.000000 Eta 
828999 20000000 0.029619 1.584893e-06 400.000000 650.000000 Eta 
471554 20000000 0.029619 1.000000e-06 400.000000 650.000000 Eta 
238714 20000000 0.029619 6.309573e-07 400.000000 650.000000 Eta 
109051 20000000 0.029619 3.981072e-07 400.000000 650.000000 Eta 
45845 20000000 0.029619 2.511886e-07 400.000000 650.000000 Eta 
18636 20000000 0.029619 1.584893e-07 400.000000 650.000000 Eta 
7538 20000000 0.029619 1.000000e-07 400.000000 650.000000 Eta 
3029 20000000 0.029619 6.309573e-08 400.000000 650.000000 Eta 
1242 20000000 0.029619 3.981072e-08 400.000000 650.000000 Eta 
480 20000000 0.029619 2.511886e-08 400.000000 650.000000 Eta 
208 20000000 0.029619 1.584893e-08 400.000000 650.000000 Eta 
1615320 20000000 0.036445 1.000000e-05 400.000000 650.000000 Eta 
2203942 20000000 0.036445 6.309573e-06 400.000000 650.000000 Eta 
2202973 20000000 0.036445 3.981072e-06 400.000000 650.000000 Eta 
1719269 20000000 0.036445 2.511886e-06 400.000000 650.000000 Eta 
1148794 20000000 0.036445 1.584893e-06 400.000000 650.000000 Eta 
683788 20000000 0.036445 1.000000e-06 400.000000 650.000000 Eta 
357986 20000000 0.036445 6.309573e-07 400.000000 650.000000 Eta 
165994 20000000 0.036445 3.981072e-07 400.000000 650.000000 Eta 
71187 20000000 0.036445 2.511886e-07 400.000000 650.000000 Eta 
29163 20000000 0.036445 1.584893e-07 400.000000 650.000000 Eta 
11565 20000000 0.036445 1.000000e-07 400.000000 650.000000 Eta 
4671 20000000 0.036445 6.309573e-08 400.000000 650.000000 Eta 
1815 20000000 0.036445 3.981072e-08 400.000000 650.000000 Eta 
805 20000000 0.036445 2.511886e-08 400.000000 650.000000 Eta 
299 20000000 0.036445 1.584893e-08 400.000000 650.000000 Eta 
1312810 20000000 0.044843 1.000000e-05 400.000000 650.000000 Eta 
2053703 20000000 0.044843 6.309573e-06 400.000000 650.000000 Eta 
2190046 20000000 0.044843 3.981072e-06 400.000000 650.000000 Eta 
1828368 20000000 0.044843 2.511886e-06 400.000000 650.000000 Eta 
1385173 20000000 0.044843 1.584893e-06 400.000000 650.000000 Eta 
923953 20000000 0.044843 1.000000e-06 400.000000 650.000000 Eta 
535156 20000000 0.044843 6.309573e-07 400.000000 650.000000 Eta 
285219 20000000 0.044843 3.981072e-07 400.000000 650.000000 Eta 
142614 20000000 0.044843 2.511886e-07 400.000000 650.000000 Eta 
64749 20000000 0.044843 1.584893e-07 400.000000 650.000000 Eta 
27922 20000000 0.044843 1.000000e-07 400.000000 650.000000 Eta 
15131 20000000 0.044843 6.309573e-08 400.000000 650.000000 Eta 
12143 20000000 0.044843 3.981072e-08 400.000000 650.000000 Eta 
7828 20000000 0.044843 2.511886e-08 400.000000 650.000000 Eta 
3844 20000000 0.044843 1.584893e-08 400.000000 650.000000 Eta 
999240 20000000 0.055176 1.000000e-05 400.000000 650.000000 Eta 
1756763 20000000 0.055176 6.309573e-06 400.000000 650.000000 Eta 
2265945 20000000 0.055176 3.981072e-06 400.000000 650.000000 Eta 
2213001 20000000 0.055176 2.511886e-06 400.000000 650.000000 Eta 
1669099 20000000 0.055176 1.584893e-06 400.000000 650.000000 Eta 
1077257 20000000 0.055176 1.000000e-06 400.000000 650.000000 Eta 
602410 20000000 0.055176 6.309573e-07 400.000000 650.000000 Eta 
289474 20000000 0.055176 3.981072e-07 400.000000 650.000000 Eta 
126968 20000000 0.055176 2.511886e-07 400.000000 650.000000 Eta 
52575 20000000 0.055176 1.584893e-07 400.000000 650.000000 Eta 
21281 20000000 0.055176 1.000000e-07 400.000000 650.000000 Eta 
8518 20000000 0.055176 6.309573e-08 400.000000 650.000000 Eta 
3340 20000000 0.055176 3.981072e-08 400.000000 650.000000 Eta 
1321 20000000 0.055176 2.511886e-08 400.000000 650.000000 Eta 
545 20000000 0.055176 1.584893e-08 400.000000 650.000000 Eta 
577135 20000000 0.067891 1.000000e-05 400.000000 650.000000 Eta 
1375751 20000000 0.067891 6.309573e-06 400.000000 650.000000 Eta 
2080980 20000000 0.067891 3.981072e-06 400.000000 650.000000 Eta 
2264269 20000000 0.067891 2.511886e-06 400.000000 650.000000 Eta 
1979966 20000000 0.067891 1.584893e-06 400.000000 650.000000 Eta 
1445053 20000000 0.067891 1.000000e-06 400.000000 650.000000 Eta 
878163 20000000 0.067891 6.309573e-07 400.000000 650.000000 Eta 
454218 20000000 0.067891 3.981072e-07 400.000000 650.000000 Eta 
210141 20000000 0.067891 2.511886e-07 400.000000 650.000000 Eta 
89579 20000000 0.067891 1.584893e-07 400.000000 650.000000 Eta 
37484 20000000 0.067891 1.000000e-07 400.000000 650.000000 Eta 
15111 20000000 0.067891 6.309573e-08 400.000000 650.000000 Eta 
5940 20000000 0.067891 3.981072e-08 400.000000 650.000000 Eta 
2446 20000000 0.067891 2.511886e-08 400.000000 650.000000 Eta 
938 20000000 0.067891 1.584893e-08 400.000000 650.000000 Eta 
359984 20000000 0.083535 1.000000e-05 400.000000 650.000000 Eta 
1053243 20000000 0.083535 6.309573e-06 400.000000 650.000000 Eta 
1872158 20000000 0.083535 3.981072e-06 400.000000 650.000000 Eta 
2294757 20000000 0.083535 2.511886e-06 400.000000 650.000000 Eta 
2118047 20000000 0.083535 1.584893e-06 400.000000 650.000000 Eta 
1587415 20000000 0.083535 1.000000e-06 400.000000 650.000000 Eta 
1019039 20000000 0.083535 6.309573e-07 400.000000 650.000000 Eta 
584397 20000000 0.083535 3.981072e-07 400.000000 650.000000 Eta 
298578 20000000 0.083535 2.511886e-07 400.000000 650.000000 Eta 
136705 20000000 0.083535 1.584893e-07 400.000000 650.000000 Eta 
57908 20000000 0.083535 1.000000e-07 400.000000 650.000000 Eta 
23678 20000000 0.083535 6.309573e-08 400.000000 650.000000 Eta 
9394 20000000 0.083535 3.981072e-08 400.000000 650.000000 Eta 
3736 20000000 0.083535 2.511886e-08 400.000000 650.000000 Eta 
1519 20000000 0.083535 1.584893e-08 400.000000 650.000000 Eta 
215894 20000000 0.102784 1.000000e-05 400.000000 650.000000 Eta 
770550 20000000 0.102784 6.309573e-06 400.000000 650.000000 Eta 
1583296 20000000 0.102784 3.981072e-06 400.000000 650.000000 Eta 
2274741 20000000 0.102784 2.511886e-06 400.000000 650.000000 Eta 
2308581 20000000 0.102784 1.584893e-06 400.000000 650.000000 Eta 
1832758 20000000 0.102784 1.000000e-06 400.000000 650.000000 Eta 
1203515 20000000 0.102784 6.309573e-07 400.000000 650.000000 Eta 
651619 20000000 0.102784 3.981072e-07 400.000000 650.000000 Eta 
316026 20000000 0.102784 2.511886e-07 400.000000 650.000000 Eta 
163979 20000000 0.102784 1.584893e-07 400.000000 650.000000 Eta 
86039 20000000 0.102784 1.000000e-07 400.000000 650.000000 Eta 
39686 20000000 0.102784 6.309573e-08 400.000000 650.000000 Eta 
17069 20000000 0.102784 3.981072e-08 400.000000 650.000000 Eta 
7079 20000000 0.102784 2.511886e-08 400.000000 650.000000 Eta 
2853 20000000 0.102784 1.584893e-08 400.000000 650.000000 Eta 
120348 20000000 0.126469 1.000000e-05 400.000000 650.000000 Eta 
526093 20000000 0.126469 6.309573e-06 400.000000 650.000000 Eta 
1292873 20000000 0.126469 3.981072e-06 400.000000 650.000000 Eta 
2031573 20000000 0.126469 2.511886e-06 400.000000 650.000000 Eta 
2353347 20000000 0.126469 1.584893e-06 400.000000 650.000000 Eta 
2108932 20000000 0.126469 1.000000e-06 400.000000 650.000000 Eta 
1490528 20000000 0.126469 6.309573e-07 400.000000 650.000000 Eta 
860465 20000000 0.126469 3.981072e-07 400.000000 650.000000 Eta 
437582 20000000 0.126469 2.511886e-07 400.000000 650.000000 Eta 
208836 20000000 0.126469 1.584893e-07 400.000000 650.000000 Eta 
94906 20000000 0.126469 1.000000e-07 400.000000 650.000000 Eta 
40560 20000000 0.126469 6.309573e-08 400.000000 650.000000 Eta 
16965 20000000 0.126469 3.981072e-08 400.000000 650.000000 Eta 
6805 20000000 0.126469 2.511886e-08 400.000000 650.000000 Eta 
2737 20000000 0.126469 1.584893e-08 400.000000 650.000000 Eta 
48955 20000000 0.155612 1.000000e-05 400.000000 650.000000 Eta 
296351 20000000 0.155612 6.309573e-06 400.000000 650.000000 Eta 
864888 20000000 0.155612 3.981072e-06 400.000000 650.000000 Eta 
1698435 20000000 0.155612 2.511886e-06 400.000000 650.000000 Eta 
2351146 20000000 0.155612 1.584893e-06 400.000000 650.000000 Eta 
2322171 20000000 0.155612 1.000000e-06 400.000000 650.000000 Eta 
1791669 20000000 0.155612 6.309573e-07 400.000000 650.000000 Eta 
1137850 20000000 0.155612 3.981072e-07 400.000000 650.000000 Eta 
610531 20000000 0.155612 2.511886e-07 400.000000 650.000000 Eta 
297053 20000000 0.155612 1.584893e-07 400.000000 650.000000 Eta 
133914 20000000 0.155612 1.000000e-07 400.000000 650.000000 Eta 
56250 20000000 0.155612 6.309573e-08 400.000000 650.000000 Eta 
23133 20000000 0.155612 3.981072e-08 400.000000 650.000000 Eta 
9439 20000000 0.155612 2.511886e-08 400.000000 650.000000 Eta 
3780 20000000 0.155612 1.584893e-08 400.000000 650.000000 Eta 
17794 20000000 0.191470 1.000000e-05 400.000000 650.000000 Eta 
150979 20000000 0.191470 6.309573e-06 400.000000 650.000000 Eta 
616017 20000000 0.191470 3.981072e-06 400.000000 650.000000 Eta 
1402568 20000000 0.191470 2.511886e-06 400.000000 650.000000 Eta 
2146534 20000000 0.191470 1.584893e-06 400.000000 650.000000 Eta 
2427252 20000000 0.191470 1.000000e-06 400.000000 650.000000 Eta 
2086451 20000000 0.191470 6.309573e-07 400.000000 650.000000 Eta 
1376373 20000000 0.191470 3.981072e-07 400.000000 650.000000 Eta 
739052 20000000 0.191470 2.511886e-07 400.000000 650.000000 Eta 
346891 20000000 0.191470 1.584893e-07 400.000000 650.000000 Eta 
151358 20000000 0.191470 1.000000e-07 400.000000 650.000000 Eta 
62454 20000000 0.191470 6.309573e-08 400.000000 650.000000 Eta 
25037 20000000 0.191470 3.981072e-08 400.000000 650.000000 Eta 
10208 20000000 0.191470 2.511886e-08 400.000000 650.000000 Eta 
4040 20000000 0.191470 1.584893e-08 400.000000 650.000000 Eta 
105 20000000 0.235592 1.000000e-05 400.000000 650.000000 Eta 
12857 20000000 0.235592 6.309573e-06 400.000000 650.000000 Eta 
161684 20000000 0.235592 3.981072e-06 400.000000 650.000000 Eta 
639044 20000000 0.235592 2.511886e-06 400.000000 650.000000 Eta 
1450797 20000000 0.235592 1.584893e-06 400.000000 650.000000 Eta 
2286248 20000000 0.235592 1.000000e-06 400.000000 650.000000 Eta 
2443344 20000000 0.235592 6.309573e-07 400.000000 650.000000 Eta 
2004612 20000000 0.235592 3.981072e-07 400.000000 650.000000 Eta 
1302645 20000000 0.235592 2.511886e-07 400.000000 650.000000 Eta 
695009 20000000 0.235592 1.584893e-07 400.000000 650.000000 Eta 
340084 20000000 0.235592 1.000000e-07 400.000000 650.000000 Eta 
157583 20000000 0.235592 6.309573e-08 400.000000 650.000000 Eta 
68403 20000000 0.235592 3.981072e-08 400.000000 650.000000 Eta 
28349 20000000 0.235592 2.511886e-08 400.000000 650.000000 Eta 
11426 20000000 0.235592 1.584893e-08 400.000000 650.000000 Eta 
1 20000000 0.289880 1.000000e-05 400.000000 650.000000 Eta 
671 20000000 0.289880 6.309573e-06 400.000000 650.000000 Eta 
34092 20000000 0.289880 3.981072e-06 400.000000 650.000000 Eta 
291761 20000000 0.289880 2.511886e-06 400.000000 650.000000 Eta 
996164 20000000 0.289880 1.584893e-06 400.000000 650.000000 Eta 
1881329 20000000 0.289880 1.000000e-06 400.000000 650.000000 Eta 
2446425 20000000 0.289880 6.309573e-07 400.000000 650.000000 Eta 
2355151 20000000 0.289880 3.981072e-07 400.000000 650.000000 Eta 
1732858 20000000 0.289880 2.511886e-07 400.000000 650.000000 Eta 
1017724 20000000 0.289880 1.584893e-07 400.000000 650.000000 Eta 
512808 20000000 0.289880 1.000000e-07 400.000000 650.000000 Eta 
236124 20000000 0.289880 6.309573e-08 400.000000 650.000000 Eta 
107210 20000000 0.289880 3.981072e-08 400.000000 650.000000 Eta 
47108 20000000 0.289880 2.511886e-08 400.000000 650.000000 Eta 
19608 20000000 0.289880 1.584893e-08 400.000000 650.000000 Eta 
0 20000000 0.356678 1.000000e-05 400.000000 650.000000 Eta 
264 20000000 0.356678 6.309573e-06 400.000000 650.000000 Eta 
13254 20000000 0.356678 3.981072e-06 400.000000 650.000000 Eta 
146029 20000000 0.356678 2.511886e-06 400.000000 650.000000 Eta 
638958 20000000 0.356678 1.584893e-06 400.000000 650.000000 Eta 
1573471 20000000 0.356678 1.000000e-06 400.000000 650.000000 Eta 
2375839 20000000 0.356678 6.309573e-07 400.000000 650.000000 Eta 
2465770 20000000 0.356678 3.981072e-07 400.000000 650.000000 Eta 
1917954 20000000 0.356678 2.511886e-07 400.000000 650.000000 Eta 
1206519 20000000 0.356678 1.584893e-07 400.000000 650.000000 Eta 
656768 20000000 0.356678 1.000000e-07 400.000000 650.000000 Eta 
326642 20000000 0.356678 6.309573e-08 400.000000 650.000000 Eta 
159584 20000000 0.356678 3.981072e-08 400.000000 650.000000 Eta 
80976 20000000 0.356678 2.511886e-08 400.000000 650.000000 Eta 
42872 20000000 0.356678 1.584893e-08 400.000000 650.000000 Eta 
0 20000000 0.438869 1.000000e-05 400.000000 650.000000 Eta 
0 20000000 0.438869 6.309573e-06 400.000000 650.000000 Eta 
911 20000000 0.438869 3.981072e-06 400.000000 650.000000 Eta 
50291 20000000 0.438869 2.511886e-06 400.000000 650.000000 Eta 
377825 20000000 0.438869 1.584893e-06 400.000000 650.000000 Eta 
1209407 20000000 0.438869 1.000000e-06 400.000000 650.000000 Eta 
2211826 20000000 0.438869 6.309573e-07 400.000000 650.000000 Eta 
2577863 20000000 0.438869 3.981072e-07 400.000000 650.000000 Eta 
2187893 20000000 0.438869 2.511886e-07 400.000000 650.000000 Eta 
1479788 20000000 0.438869 1.584893e-07 400.000000 650.000000 Eta 
846960 20000000 0.438869 1.000000e-07 400.000000 650.000000 Eta 
423223 20000000 0.438869 6.309573e-08 400.000000 650.000000 Eta 
194854 20000000 0.438869 3.981072e-08 400.000000 650.000000 Eta 
83831 20000000 0.438869 2.511886e-08 400.000000 650.000000 Eta 
34522 20000000 0.438869 1.584893e-08 400.000000 650.000000 Eta 
0 20000000 0.540000 1.000000e-05 400.000000 650.000000 Eta 
0 20000000 0.540000 6.309573e-06 400.000000 650.000000 Eta 
286 20000000 0.540000 3.981072e-06 400.000000 650.000000 Eta 
19232 20000000 0.540000 2.511886e-06 400.000000 650.000000 Eta 
190031 20000000 0.540000 1.584893e-06 400.000000 650.000000 Eta 
847607 20000000 0.540000 1.000000e-06 400.000000 650.000000 Eta 
1902078 20000000 0.540000 6.309573e-07 400.000000 650.000000 Eta 
2484188 20000000 0.540000 3.981072e-07 400.000000 650.000000 Eta 
2364194 20000000 0.540000 2.511886e-07 400.000000 650.000000 Eta 
1788879 20000000 0.540000 1.584893e-07 400.000000 650.000000 Eta 
1088706 20000000 0.540000 1.000000e-07 400.000000 650.000000 Eta 
559151 20000000 0.540000 6.309573e-08 400.000000 650.000000 Eta 
251888 20000000 0.540000 3.981072e-08 400.000000 650.000000 Eta 
106833 20000000 0.540000 2.511886e-08 400.000000 650.000000 Eta 
43677 20000000 0.540000 1.584893e-08 400.000000 650.000000 Eta 
