0 10000000 0.001073 1.000000e-03 500.000000 600.000000 Eta 
0 10000000 0.001073 6.309573e-04 500.000000 600.000000 Eta 
0 10000000 0.001073 3.981072e-04 500.000000 600.000000 Eta 
0 10000000 0.001073 2.511886e-04 500.000000 600.000000 Eta 
0 10000000 0.001073 1.584893e-04 500.000000 600.000000 Eta 
0 10000000 0.001073 1.000000e-04 500.000000 600.000000 Eta 
0 10000000 0.001073 6.309573e-05 500.000000 600.000000 Eta 
0 10000000 0.001073 3.981072e-05 500.000000 600.000000 Eta 
0 10000000 0.001073 2.511886e-05 500.000000 600.000000 Eta 
0 10000000 0.001073 1.584893e-05 500.000000 600.000000 Eta 
0 10000000 0.001073 1.000000e-05 500.000000 600.000000 Eta 
0 10000000 0.001073 6.309573e-06 500.000000 600.000000 Eta 
0 10000000 0.001073 3.981072e-06 500.000000 600.000000 Eta 
0 10000000 0.001073 2.511886e-06 500.000000 600.000000 Eta 
0 10000000 0.001073 1.584893e-06 500.000000 600.000000 Eta 
0 10000000 0.001073 1.000000e-06 500.000000 600.000000 Eta 
0 10000000 0.001073 6.309573e-07 500.000000 600.000000 Eta 
0 10000000 0.001073 3.981072e-07 500.000000 600.000000 Eta 
0 10000000 0.001073 2.511886e-07 500.000000 600.000000 Eta 
0 10000000 0.001073 1.584893e-07 500.000000 600.000000 Eta 
0 10000000 0.001073 1.000000e-07 500.000000 600.000000 Eta 
0 10000000 0.001073 6.309573e-08 500.000000 600.000000 Eta 
0 10000000 0.001073 3.981072e-08 500.000000 600.000000 Eta 
0 10000000 0.001073 2.511886e-08 500.000000 600.000000 Eta 
0 10000000 0.001073 1.584893e-08 500.000000 600.000000 Eta 
0 10000000 0.001073 1.000000e-08 500.000000 600.000000 Eta 
0 10000000 0.001320 1.000000e-03 500.000000 600.000000 Eta 
0 10000000 0.001320 6.309573e-04 500.000000 600.000000 Eta 
0 10000000 0.001320 3.981072e-04 500.000000 600.000000 Eta 
0 10000000 0.001320 2.511886e-04 500.000000 600.000000 Eta 
0 10000000 0.001320 1.584893e-04 500.000000 600.000000 Eta 
0 10000000 0.001320 1.000000e-04 500.000000 600.000000 Eta 
0 10000000 0.001320 6.309573e-05 500.000000 600.000000 Eta 
0 10000000 0.001320 3.981072e-05 500.000000 600.000000 Eta 
0 10000000 0.001320 2.511886e-05 500.000000 600.000000 Eta 
0 10000000 0.001320 1.584893e-05 500.000000 600.000000 Eta 
0 10000000 0.001320 1.000000e-05 500.000000 600.000000 Eta 
0 10000000 0.001320 6.309573e-06 500.000000 600.000000 Eta 
0 10000000 0.001320 3.981072e-06 500.000000 600.000000 Eta 
0 10000000 0.001320 2.511886e-06 500.000000 600.000000 Eta 
0 10000000 0.001320 1.584893e-06 500.000000 600.000000 Eta 
0 10000000 0.001320 1.000000e-06 500.000000 600.000000 Eta 
0 10000000 0.001320 6.309573e-07 500.000000 600.000000 Eta 
0 10000000 0.001320 3.981072e-07 500.000000 600.000000 Eta 
0 10000000 0.001320 2.511886e-07 500.000000 600.000000 Eta 
0 10000000 0.001320 1.584893e-07 500.000000 600.000000 Eta 
0 10000000 0.001320 1.000000e-07 500.000000 600.000000 Eta 
0 10000000 0.001320 6.309573e-08 500.000000 600.000000 Eta 
0 10000000 0.001320 3.981072e-08 500.000000 600.000000 Eta 
0 10000000 0.001320 2.511886e-08 500.000000 600.000000 Eta 
0 10000000 0.001320 1.584893e-08 500.000000 600.000000 Eta 
0 10000000 0.001320 1.000000e-08 500.000000 600.000000 Eta 
0 10000000 0.001625 1.000000e-03 500.000000 600.000000 Eta 
0 10000000 0.001625 6.309573e-04 500.000000 600.000000 Eta 
0 10000000 0.001625 3.981072e-04 500.000000 600.000000 Eta 
0 10000000 0.001625 2.511886e-04 500.000000 600.000000 Eta 
0 10000000 0.001625 1.584893e-04 500.000000 600.000000 Eta 
0 10000000 0.001625 1.000000e-04 500.000000 600.000000 Eta 
0 10000000 0.001625 6.309573e-05 500.000000 600.000000 Eta 
0 10000000 0.001625 3.981072e-05 500.000000 600.000000 Eta 
0 10000000 0.001625 2.511886e-05 500.000000 600.000000 Eta 
0 10000000 0.001625 1.584893e-05 500.000000 600.000000 Eta 
0 10000000 0.001625 1.000000e-05 500.000000 600.000000 Eta 
0 10000000 0.001625 6.309573e-06 500.000000 600.000000 Eta 
0 10000000 0.001625 3.981072e-06 500.000000 600.000000 Eta 
0 10000000 0.001625 2.511886e-06 500.000000 600.000000 Eta 
0 10000000 0.001625 1.584893e-06 500.000000 600.000000 Eta 
0 10000000 0.001625 1.000000e-06 500.000000 600.000000 Eta 
0 10000000 0.001625 6.309573e-07 500.000000 600.000000 Eta 
0 10000000 0.001625 3.981072e-07 500.000000 600.000000 Eta 
0 10000000 0.001625 2.511886e-07 500.000000 600.000000 Eta 
0 10000000 0.001625 1.584893e-07 500.000000 600.000000 Eta 
0 10000000 0.001625 1.000000e-07 500.000000 600.000000 Eta 
0 10000000 0.001625 6.309573e-08 500.000000 600.000000 Eta 
0 10000000 0.001625 3.981072e-08 500.000000 600.000000 Eta 
0 10000000 0.001625 2.511886e-08 500.000000 600.000000 Eta 
0 10000000 0.001625 1.584893e-08 500.000000 600.000000 Eta 
0 10000000 0.001625 1.000000e-08 500.000000 600.000000 Eta 
0 10000000 0.001999 1.000000e-03 500.000000 600.000000 Eta 
0 10000000 0.001999 6.309573e-04 500.000000 600.000000 Eta 
0 10000000 0.001999 3.981072e-04 500.000000 600.000000 Eta 
0 10000000 0.001999 2.511886e-04 500.000000 600.000000 Eta 
0 10000000 0.001999 1.584893e-04 500.000000 600.000000 Eta 
0 10000000 0.001999 1.000000e-04 500.000000 600.000000 Eta 
0 10000000 0.001999 6.309573e-05 500.000000 600.000000 Eta 
0 10000000 0.001999 3.981072e-05 500.000000 600.000000 Eta 
0 10000000 0.001999 2.511886e-05 500.000000 600.000000 Eta 
0 10000000 0.001999 1.584893e-05 500.000000 600.000000 Eta 
0 10000000 0.001999 1.000000e-05 500.000000 600.000000 Eta 
0 10000000 0.001999 6.309573e-06 500.000000 600.000000 Eta 
0 10000000 0.001999 3.981072e-06 500.000000 600.000000 Eta 
0 10000000 0.001999 2.511886e-06 500.000000 600.000000 Eta 
0 10000000 0.001999 1.584893e-06 500.000000 600.000000 Eta 
0 10000000 0.001999 1.000000e-06 500.000000 600.000000 Eta 
0 10000000 0.001999 6.309573e-07 500.000000 600.000000 Eta 
0 10000000 0.001999 3.981072e-07 500.000000 600.000000 Eta 
0 10000000 0.001999 2.511886e-07 500.000000 600.000000 Eta 
0 10000000 0.001999 1.584893e-07 500.000000 600.000000 Eta 
0 10000000 0.001999 1.000000e-07 500.000000 600.000000 Eta 
0 10000000 0.001999 6.309573e-08 500.000000 600.000000 Eta 
0 10000000 0.001999 3.981072e-08 500.000000 600.000000 Eta 
0 10000000 0.001999 2.511886e-08 500.000000 600.000000 Eta 
0 10000000 0.001999 1.584893e-08 500.000000 600.000000 Eta 
0 10000000 0.001999 1.000000e-08 500.000000 600.000000 Eta 
0 10000000 0.002460 1.000000e-03 500.000000 600.000000 Eta 
0 10000000 0.002460 6.309573e-04 500.000000 600.000000 Eta 
0 10000000 0.002460 3.981072e-04 500.000000 600.000000 Eta 
0 10000000 0.002460 2.511886e-04 500.000000 600.000000 Eta 
0 10000000 0.002460 1.584893e-04 500.000000 600.000000 Eta 
0 10000000 0.002460 1.000000e-04 500.000000 600.000000 Eta 
0 10000000 0.002460 6.309573e-05 500.000000 600.000000 Eta 
0 10000000 0.002460 3.981072e-05 500.000000 600.000000 Eta 
0 10000000 0.002460 2.511886e-05 500.000000 600.000000 Eta 
0 10000000 0.002460 1.584893e-05 500.000000 600.000000 Eta 
0 10000000 0.002460 1.000000e-05 500.000000 600.000000 Eta 
0 10000000 0.002460 6.309573e-06 500.000000 600.000000 Eta 
0 10000000 0.002460 3.981072e-06 500.000000 600.000000 Eta 
0 10000000 0.002460 2.511886e-06 500.000000 600.000000 Eta 
0 10000000 0.002460 1.584893e-06 500.000000 600.000000 Eta 
0 10000000 0.002460 1.000000e-06 500.000000 600.000000 Eta 
0 10000000 0.002460 6.309573e-07 500.000000 600.000000 Eta 
0 10000000 0.002460 3.981072e-07 500.000000 600.000000 Eta 
0 10000000 0.002460 2.511886e-07 500.000000 600.000000 Eta 
0 10000000 0.002460 1.584893e-07 500.000000 600.000000 Eta 
0 10000000 0.002460 1.000000e-07 500.000000 600.000000 Eta 
0 10000000 0.002460 6.309573e-08 500.000000 600.000000 Eta 
0 10000000 0.002460 3.981072e-08 500.000000 600.000000 Eta 
0 10000000 0.002460 2.511886e-08 500.000000 600.000000 Eta 
0 10000000 0.002460 1.584893e-08 500.000000 600.000000 Eta 
0 10000000 0.002460 1.000000e-08 500.000000 600.000000 Eta 
0 10000000 0.003026 1.000000e-03 500.000000 600.000000 Eta 
0 10000000 0.003026 6.309573e-04 500.000000 600.000000 Eta 
0 10000000 0.003026 3.981072e-04 500.000000 600.000000 Eta 
0 10000000 0.003026 2.511886e-04 500.000000 600.000000 Eta 
0 10000000 0.003026 1.584893e-04 500.000000 600.000000 Eta 
0 10000000 0.003026 1.000000e-04 500.000000 600.000000 Eta 
0 10000000 0.003026 6.309573e-05 500.000000 600.000000 Eta 
0 10000000 0.003026 3.981072e-05 500.000000 600.000000 Eta 
0 10000000 0.003026 2.511886e-05 500.000000 600.000000 Eta 
0 10000000 0.003026 1.584893e-05 500.000000 600.000000 Eta 
0 10000000 0.003026 1.000000e-05 500.000000 600.000000 Eta 
0 10000000 0.003026 6.309573e-06 500.000000 600.000000 Eta 
0 10000000 0.003026 3.981072e-06 500.000000 600.000000 Eta 
0 10000000 0.003026 2.511886e-06 500.000000 600.000000 Eta 
0 10000000 0.003026 1.584893e-06 500.000000 600.000000 Eta 
0 10000000 0.003026 1.000000e-06 500.000000 600.000000 Eta 
0 10000000 0.003026 6.309573e-07 500.000000 600.000000 Eta 
0 10000000 0.003026 3.981072e-07 500.000000 600.000000 Eta 
0 10000000 0.003026 2.511886e-07 500.000000 600.000000 Eta 
0 10000000 0.003026 1.584893e-07 500.000000 600.000000 Eta 
0 10000000 0.003026 1.000000e-07 500.000000 600.000000 Eta 
0 10000000 0.003026 6.309573e-08 500.000000 600.000000 Eta 
0 10000000 0.003026 3.981072e-08 500.000000 600.000000 Eta 
0 10000000 0.003026 2.511886e-08 500.000000 600.000000 Eta 
0 10000000 0.003026 1.584893e-08 500.000000 600.000000 Eta 
0 10000000 0.003026 1.000000e-08 500.000000 600.000000 Eta 
0 10000000 0.003724 1.000000e-03 500.000000 600.000000 Eta 
0 10000000 0.003724 6.309573e-04 500.000000 600.000000 Eta 
0 10000000 0.003724 3.981072e-04 500.000000 600.000000 Eta 
0 10000000 0.003724 2.511886e-04 500.000000 600.000000 Eta 
0 10000000 0.003724 1.584893e-04 500.000000 600.000000 Eta 
0 10000000 0.003724 1.000000e-04 500.000000 600.000000 Eta 
0 10000000 0.003724 6.309573e-05 500.000000 600.000000 Eta 
0 10000000 0.003724 3.981072e-05 500.000000 600.000000 Eta 
0 10000000 0.003724 2.511886e-05 500.000000 600.000000 Eta 
0 10000000 0.003724 1.584893e-05 500.000000 600.000000 Eta 
0 10000000 0.003724 1.000000e-05 500.000000 600.000000 Eta 
0 10000000 0.003724 6.309573e-06 500.000000 600.000000 Eta 
0 10000000 0.003724 3.981072e-06 500.000000 600.000000 Eta 
0 10000000 0.003724 2.511886e-06 500.000000 600.000000 Eta 
0 10000000 0.003724 1.584893e-06 500.000000 600.000000 Eta 
0 10000000 0.003724 1.000000e-06 500.000000 600.000000 Eta 
0 10000000 0.003724 6.309573e-07 500.000000 600.000000 Eta 
0 10000000 0.003724 3.981072e-07 500.000000 600.000000 Eta 
0 10000000 0.003724 2.511886e-07 500.000000 600.000000 Eta 
0 10000000 0.003724 1.584893e-07 500.000000 600.000000 Eta 
0 10000000 0.003724 1.000000e-07 500.000000 600.000000 Eta 
0 10000000 0.003724 6.309573e-08 500.000000 600.000000 Eta 
0 10000000 0.003724 3.981072e-08 500.000000 600.000000 Eta 
0 10000000 0.003724 2.511886e-08 500.000000 600.000000 Eta 
0 10000000 0.003724 1.584893e-08 500.000000 600.000000 Eta 
0 10000000 0.003724 1.000000e-08 500.000000 600.000000 Eta 
0 10000000 0.004582 1.000000e-03 500.000000 600.000000 Eta 
0 10000000 0.004582 6.309573e-04 500.000000 600.000000 Eta 
0 10000000 0.004582 3.981072e-04 500.000000 600.000000 Eta 
0 10000000 0.004582 2.511886e-04 500.000000 600.000000 Eta 
0 10000000 0.004582 1.584893e-04 500.000000 600.000000 Eta 
0 10000000 0.004582 1.000000e-04 500.000000 600.000000 Eta 
0 10000000 0.004582 6.309573e-05 500.000000 600.000000 Eta 
0 10000000 0.004582 3.981072e-05 500.000000 600.000000 Eta 
0 10000000 0.004582 2.511886e-05 500.000000 600.000000 Eta 
0 10000000 0.004582 1.584893e-05 500.000000 600.000000 Eta 
0 10000000 0.004582 1.000000e-05 500.000000 600.000000 Eta 
0 10000000 0.004582 6.309573e-06 500.000000 600.000000 Eta 
0 10000000 0.004582 3.981072e-06 500.000000 600.000000 Eta 
0 10000000 0.004582 2.511886e-06 500.000000 600.000000 Eta 
0 10000000 0.004582 1.584893e-06 500.000000 600.000000 Eta 
0 10000000 0.004582 1.000000e-06 500.000000 600.000000 Eta 
0 10000000 0.004582 6.309573e-07 500.000000 600.000000 Eta 
0 10000000 0.004582 3.981072e-07 500.000000 600.000000 Eta 
0 10000000 0.004582 2.511886e-07 500.000000 600.000000 Eta 
0 10000000 0.004582 1.584893e-07 500.000000 600.000000 Eta 
0 10000000 0.004582 1.000000e-07 500.000000 600.000000 Eta 
0 10000000 0.004582 6.309573e-08 500.000000 600.000000 Eta 
0 10000000 0.004582 3.981072e-08 500.000000 600.000000 Eta 
0 10000000 0.004582 2.511886e-08 500.000000 600.000000 Eta 
0 10000000 0.004582 1.584893e-08 500.000000 600.000000 Eta 
0 10000000 0.004582 1.000000e-08 500.000000 600.000000 Eta 
0 10000000 0.005638 1.000000e-03 500.000000 600.000000 Eta 
0 10000000 0.005638 6.309573e-04 500.000000 600.000000 Eta 
0 10000000 0.005638 3.981072e-04 500.000000 600.000000 Eta 
0 10000000 0.005638 2.511886e-04 500.000000 600.000000 Eta 
0 10000000 0.005638 1.584893e-04 500.000000 600.000000 Eta 
0 10000000 0.005638 1.000000e-04 500.000000 600.000000 Eta 
0 10000000 0.005638 6.309573e-05 500.000000 600.000000 Eta 
0 10000000 0.005638 3.981072e-05 500.000000 600.000000 Eta 
0 10000000 0.005638 2.511886e-05 500.000000 600.000000 Eta 
0 10000000 0.005638 1.584893e-05 500.000000 600.000000 Eta 
0 10000000 0.005638 1.000000e-05 500.000000 600.000000 Eta 
0 10000000 0.005638 6.309573e-06 500.000000 600.000000 Eta 
0 10000000 0.005638 3.981072e-06 500.000000 600.000000 Eta 
0 10000000 0.005638 2.511886e-06 500.000000 600.000000 Eta 
0 10000000 0.005638 1.584893e-06 500.000000 600.000000 Eta 
0 10000000 0.005638 1.000000e-06 500.000000 600.000000 Eta 
0 10000000 0.005638 6.309573e-07 500.000000 600.000000 Eta 
0 10000000 0.005638 3.981072e-07 500.000000 600.000000 Eta 
0 10000000 0.005638 2.511886e-07 500.000000 600.000000 Eta 
0 10000000 0.005638 1.584893e-07 500.000000 600.000000 Eta 
0 10000000 0.005638 1.000000e-07 500.000000 600.000000 Eta 
0 10000000 0.005638 6.309573e-08 500.000000 600.000000 Eta 
0 10000000 0.005638 3.981072e-08 500.000000 600.000000 Eta 
0 10000000 0.005638 2.511886e-08 500.000000 600.000000 Eta 
0 10000000 0.005638 1.584893e-08 500.000000 600.000000 Eta 
0 10000000 0.005638 1.000000e-08 500.000000 600.000000 Eta 
0 10000000 0.006937 1.000000e-03 500.000000 600.000000 Eta 
0 10000000 0.006937 6.309573e-04 500.000000 600.000000 Eta 
0 10000000 0.006937 3.981072e-04 500.000000 600.000000 Eta 
0 10000000 0.006937 2.511886e-04 500.000000 600.000000 Eta 
0 10000000 0.006937 1.584893e-04 500.000000 600.000000 Eta 
0 10000000 0.006937 1.000000e-04 500.000000 600.000000 Eta 
0 10000000 0.006937 6.309573e-05 500.000000 600.000000 Eta 
0 10000000 0.006937 3.981072e-05 500.000000 600.000000 Eta 
0 10000000 0.006937 2.511886e-05 500.000000 600.000000 Eta 
0 10000000 0.006937 1.584893e-05 500.000000 600.000000 Eta 
0 10000000 0.006937 1.000000e-05 500.000000 600.000000 Eta 
0 10000000 0.006937 6.309573e-06 500.000000 600.000000 Eta 
0 10000000 0.006937 3.981072e-06 500.000000 600.000000 Eta 
0 10000000 0.006937 2.511886e-06 500.000000 600.000000 Eta 
0 10000000 0.006937 1.584893e-06 500.000000 600.000000 Eta 
0 10000000 0.006937 1.000000e-06 500.000000 600.000000 Eta 
0 10000000 0.006937 6.309573e-07 500.000000 600.000000 Eta 
0 10000000 0.006937 3.981072e-07 500.000000 600.000000 Eta 
0 10000000 0.006937 2.511886e-07 500.000000 600.000000 Eta 
0 10000000 0.006937 1.584893e-07 500.000000 600.000000 Eta 
0 10000000 0.006937 1.000000e-07 500.000000 600.000000 Eta 
0 10000000 0.006937 6.309573e-08 500.000000 600.000000 Eta 
0 10000000 0.006937 3.981072e-08 500.000000 600.000000 Eta 
0 10000000 0.006937 2.511886e-08 500.000000 600.000000 Eta 
0 10000000 0.006937 1.584893e-08 500.000000 600.000000 Eta 
0 10000000 0.006937 1.000000e-08 500.000000 600.000000 Eta 
0 10000000 0.008535 1.000000e-03 500.000000 600.000000 Eta 
0 10000000 0.008535 6.309573e-04 500.000000 600.000000 Eta 
0 10000000 0.008535 3.981072e-04 500.000000 600.000000 Eta 
0 10000000 0.008535 2.511886e-04 500.000000 600.000000 Eta 
0 10000000 0.008535 1.584893e-04 500.000000 600.000000 Eta 
0 10000000 0.008535 1.000000e-04 500.000000 600.000000 Eta 
0 10000000 0.008535 6.309573e-05 500.000000 600.000000 Eta 
0 10000000 0.008535 3.981072e-05 500.000000 600.000000 Eta 
0 10000000 0.008535 2.511886e-05 500.000000 600.000000 Eta 
0 10000000 0.008535 1.584893e-05 500.000000 600.000000 Eta 
0 10000000 0.008535 1.000000e-05 500.000000 600.000000 Eta 
0 10000000 0.008535 6.309573e-06 500.000000 600.000000 Eta 
0 10000000 0.008535 3.981072e-06 500.000000 600.000000 Eta 
0 10000000 0.008535 2.511886e-06 500.000000 600.000000 Eta 
0 10000000 0.008535 1.584893e-06 500.000000 600.000000 Eta 
0 10000000 0.008535 1.000000e-06 500.000000 600.000000 Eta 
0 10000000 0.008535 6.309573e-07 500.000000 600.000000 Eta 
0 10000000 0.008535 3.981072e-07 500.000000 600.000000 Eta 
0 10000000 0.008535 2.511886e-07 500.000000 600.000000 Eta 
0 10000000 0.008535 1.584893e-07 500.000000 600.000000 Eta 
0 10000000 0.008535 1.000000e-07 500.000000 600.000000 Eta 
0 10000000 0.008535 6.309573e-08 500.000000 600.000000 Eta 
0 10000000 0.008535 3.981072e-08 500.000000 600.000000 Eta 
0 10000000 0.008535 2.511886e-08 500.000000 600.000000 Eta 
0 10000000 0.008535 1.584893e-08 500.000000 600.000000 Eta 
0 10000000 0.008535 1.000000e-08 500.000000 600.000000 Eta 
0 10000000 0.010502 1.000000e-03 500.000000 600.000000 Eta 
0 10000000 0.010502 6.309573e-04 500.000000 600.000000 Eta 
54 10000000 0.010502 3.981072e-04 500.000000 600.000000 Eta 
2219 10000000 0.010502 2.511886e-04 500.000000 600.000000 Eta 
10000 3591698 0.010502 1.584893e-04 500.000000 600.000000 Eta 
10000 770111 0.010502 1.000000e-04 500.000000 600.000000 Eta 
10000 373658 0.010502 6.309573e-05 500.000000 600.000000 Eta 
10000 270282 0.010502 3.981072e-05 500.000000 600.000000 Eta 
10000 253800 0.010502 2.511886e-05 500.000000 600.000000 Eta 
10000 297929 0.010502 1.584893e-05 500.000000 600.000000 Eta 
10000 458357 0.010502 1.000000e-05 500.000000 600.000000 Eta 
10000 850764 0.010502 6.309573e-06 500.000000 600.000000 Eta 
10000 1767331 0.010502 3.981072e-06 500.000000 600.000000 Eta 
10000 4082906 0.010502 2.511886e-06 500.000000 600.000000 Eta 
9992 10000000 0.010502 1.584893e-06 500.000000 600.000000 Eta 
4096 10000000 0.010502 1.000000e-06 500.000000 600.000000 Eta 
1571 10000000 0.010502 6.309573e-07 500.000000 600.000000 Eta 
663 10000000 0.010502 3.981072e-07 500.000000 600.000000 Eta 
271 10000000 0.010502 2.511886e-07 500.000000 600.000000 Eta 
101 10000000 0.010502 1.584893e-07 500.000000 600.000000 Eta 
38 10000000 0.010502 1.000000e-07 500.000000 600.000000 Eta 
25 10000000 0.010502 6.309573e-08 500.000000 600.000000 Eta 
3 10000000 0.010502 3.981072e-08 500.000000 600.000000 Eta 
2 10000000 0.010502 2.511886e-08 500.000000 600.000000 Eta 
1 10000000 0.010502 1.584893e-08 500.000000 600.000000 Eta 
2 10000000 0.010502 1.000000e-08 500.000000 600.000000 Eta 
0 10000000 0.012922 1.000000e-03 500.000000 600.000000 Eta 
0 10000000 0.012922 6.309573e-04 500.000000 600.000000 Eta 
0 10000000 0.012922 3.981072e-04 500.000000 600.000000 Eta 
16 10000000 0.012922 2.511886e-04 500.000000 600.000000 Eta 
1057 10000000 0.012922 1.584893e-04 500.000000 600.000000 Eta 
10000 5041733 0.012922 1.000000e-04 500.000000 600.000000 Eta 
10000 1066856 0.012922 6.309573e-05 500.000000 600.000000 Eta 
10000 458608 0.012922 3.981072e-05 500.000000 600.000000 Eta 
10000 280506 0.012922 2.511886e-05 500.000000 600.000000 Eta 
10000 244468 0.012922 1.584893e-05 500.000000 600.000000 Eta 
10000 271245 0.012922 1.000000e-05 500.000000 600.000000 Eta 
10000 378100 0.012922 6.309573e-06 500.000000 600.000000 Eta 
10000 664650 0.012922 3.981072e-06 500.000000 600.000000 Eta 
10000 1339099 0.012922 2.511886e-06 500.000000 600.000000 Eta 
10000 2998815 0.012922 1.584893e-06 500.000000 600.000000 Eta 
10000 7206216 0.012922 1.000000e-06 500.000000 600.000000 Eta 
5672 10000000 0.012922 6.309573e-07 500.000000 600.000000 Eta 
2284 10000000 0.012922 3.981072e-07 500.000000 600.000000 Eta 
915 10000000 0.012922 2.511886e-07 500.000000 600.000000 Eta 
406 10000000 0.012922 1.584893e-07 500.000000 600.000000 Eta 
139 10000000 0.012922 1.000000e-07 500.000000 600.000000 Eta 
50 10000000 0.012922 6.309573e-08 500.000000 600.000000 Eta 
21 10000000 0.012922 3.981072e-08 500.000000 600.000000 Eta 
12 10000000 0.012922 2.511886e-08 500.000000 600.000000 Eta 
3 10000000 0.012922 1.584893e-08 500.000000 600.000000 Eta 
1 10000000 0.012922 1.000000e-08 500.000000 600.000000 Eta 
0 10000000 0.015900 1.000000e-03 500.000000 600.000000 Eta 
0 10000000 0.015900 6.309573e-04 500.000000 600.000000 Eta 
0 10000000 0.015900 3.981072e-04 500.000000 600.000000 Eta 
0 10000000 0.015900 2.511886e-04 500.000000 600.000000 Eta 
91 10000000 0.015900 1.584893e-04 500.000000 600.000000 Eta 
6042 10000000 0.015900 1.000000e-04 500.000000 600.000000 Eta 
10000 2074872 0.015900 6.309573e-05 500.000000 600.000000 Eta 
10000 696143 0.015900 3.981072e-05 500.000000 600.000000 Eta 
10000 357468 0.015900 2.511886e-05 500.000000 600.000000 Eta 
10000 259673 0.015900 1.584893e-05 500.000000 600.000000 Eta 
10000 237288 0.015900 1.000000e-05 500.000000 600.000000 Eta 
10000 293242 0.015900 6.309573e-06 500.000000 600.000000 Eta 
10000 456162 0.015900 3.981072e-06 500.000000 600.000000 Eta 
10000 869405 0.015900 2.511886e-06 500.000000 600.000000 Eta 
10000 1875139 0.015900 1.584893e-06 500.000000 600.000000 Eta 
10000 4429505 0.015900 1.000000e-06 500.000000 600.000000 Eta 
9123 10000000 0.015900 6.309573e-07 500.000000 600.000000 Eta 
3691 10000000 0.015900 3.981072e-07 500.000000 600.000000 Eta 
1469 10000000 0.015900 2.511886e-07 500.000000 600.000000 Eta 
603 10000000 0.015900 1.584893e-07 500.000000 600.000000 Eta 
257 10000000 0.015900 1.000000e-07 500.000000 600.000000 Eta 
75 10000000 0.015900 6.309573e-08 500.000000 600.000000 Eta 
41 10000000 0.015900 3.981072e-08 500.000000 600.000000 Eta 
17 10000000 0.015900 2.511886e-08 500.000000 600.000000 Eta 
4 10000000 0.015900 1.584893e-08 500.000000 600.000000 Eta 
4 10000000 0.015900 1.000000e-08 500.000000 600.000000 Eta 
0 10000000 0.019564 1.000000e-03 500.000000 600.000000 Eta 
0 10000000 0.019564 6.309573e-04 500.000000 600.000000 Eta 
0 10000000 0.019564 3.981072e-04 500.000000 600.000000 Eta 
0 10000000 0.019564 2.511886e-04 500.000000 600.000000 Eta 
8 10000000 0.019564 1.584893e-04 500.000000 600.000000 Eta 
1441 10000000 0.019564 1.000000e-04 500.000000 600.000000 Eta 
10000 5331660 0.019564 6.309573e-05 500.000000 600.000000 Eta 
10000 1234364 0.019564 3.981072e-05 500.000000 600.000000 Eta 
10000 495716 0.019564 2.511886e-05 500.000000 600.000000 Eta 
10000 300999 0.019564 1.584893e-05 500.000000 600.000000 Eta 
10000 246640 0.019564 1.000000e-05 500.000000 600.000000 Eta 
10000 262962 0.019564 6.309573e-06 500.000000 600.000000 Eta 
10000 384948 0.019564 3.981072e-06 500.000000 600.000000 Eta 
10000 691013 0.019564 2.511886e-06 500.000000 600.000000 Eta 
10000 1459530 0.019564 1.584893e-06 500.000000 600.000000 Eta 
10000 3453615 0.019564 1.000000e-06 500.000000 600.000000 Eta 
10000 8243771 0.019564 6.309573e-07 500.000000 600.000000 Eta 
4921 10000000 0.019564 3.981072e-07 500.000000 600.000000 Eta 
1977 10000000 0.019564 2.511886e-07 500.000000 600.000000 Eta 
793 10000000 0.019564 1.584893e-07 500.000000 600.000000 Eta 
325 10000000 0.019564 1.000000e-07 500.000000 600.000000 Eta 
107 10000000 0.019564 6.309573e-08 500.000000 600.000000 Eta 
50 10000000 0.019564 3.981072e-08 500.000000 600.000000 Eta 
13 10000000 0.019564 2.511886e-08 500.000000 600.000000 Eta 
6 10000000 0.019564 1.584893e-08 500.000000 600.000000 Eta 
5 10000000 0.019564 1.000000e-08 500.000000 600.000000 Eta 
0 10000000 0.024072 1.000000e-03 500.000000 600.000000 Eta 
0 10000000 0.024072 6.309573e-04 500.000000 600.000000 Eta 
0 10000000 0.024072 3.981072e-04 500.000000 600.000000 Eta 
0 10000000 0.024072 2.511886e-04 500.000000 600.000000 Eta 
0 10000000 0.024072 1.584893e-04 500.000000 600.000000 Eta 
50 10000000 0.024072 1.000000e-04 500.000000 600.000000 Eta 
2981 10000000 0.024072 6.309573e-05 500.000000 600.000000 Eta 
10000 3173768 0.024072 3.981072e-05 500.000000 600.000000 Eta 
10000 799476 0.024072 2.511886e-05 500.000000 600.000000 Eta 
10000 362264 0.024072 1.584893e-05 500.000000 600.000000 Eta 
10000 250892 0.024072 1.000000e-05 500.000000 600.000000 Eta 
10000 230054 0.024072 6.309573e-06 500.000000 600.000000 Eta 
10000 280866 0.024072 3.981072e-06 500.000000 600.000000 Eta 
10000 457282 0.024072 2.511886e-06 500.000000 600.000000 Eta 
10000 886324 0.024072 1.584893e-06 500.000000 600.000000 Eta 
10000 1927821 0.024072 1.000000e-06 500.000000 600.000000 Eta 
10000 4585666 0.024072 6.309573e-07 500.000000 600.000000 Eta 
9032 10000000 0.024072 3.981072e-07 500.000000 600.000000 Eta 
3695 10000000 0.024072 2.511886e-07 500.000000 600.000000 Eta 
1386 10000000 0.024072 1.584893e-07 500.000000 600.000000 Eta 
528 10000000 0.024072 1.000000e-07 500.000000 600.000000 Eta 
268 10000000 0.024072 6.309573e-08 500.000000 600.000000 Eta 
89 10000000 0.024072 3.981072e-08 500.000000 600.000000 Eta 
40 10000000 0.024072 2.511886e-08 500.000000 600.000000 Eta 
14 10000000 0.024072 1.584893e-08 500.000000 600.000000 Eta 
6 10000000 0.024072 1.000000e-08 500.000000 600.000000 Eta 
0 10000000 0.029619 1.000000e-03 500.000000 600.000000 Eta 
0 10000000 0.029619 6.309573e-04 500.000000 600.000000 Eta 
0 10000000 0.029619 3.981072e-04 500.000000 600.000000 Eta 
0 10000000 0.029619 2.511886e-04 500.000000 600.000000 Eta 
0 10000000 0.029619 1.584893e-04 500.000000 600.000000 Eta 
0 10000000 0.029619 1.000000e-04 500.000000 600.000000 Eta 
910 10000000 0.029619 6.309573e-05 500.000000 600.000000 Eta 
10000 6063828 0.029619 3.981072e-05 500.000000 600.000000 Eta 
10000 1163574 0.029619 2.511886e-05 500.000000 600.000000 Eta 
10000 462923 0.029619 1.584893e-05 500.000000 600.000000 Eta 
10000 266680 0.029619 1.000000e-05 500.000000 600.000000 Eta 
10000 228289 0.029619 6.309573e-06 500.000000 600.000000 Eta 
10000 261023 0.029619 3.981072e-06 500.000000 600.000000 Eta 
10000 395237 0.029619 2.511886e-06 500.000000 600.000000 Eta 
10000 729491 0.029619 1.584893e-06 500.000000 600.000000 Eta 
10000 1556120 0.029619 1.000000e-06 500.000000 600.000000 Eta 
10000 3684957 0.029619 6.309573e-07 500.000000 600.000000 Eta 
10000 8980720 0.029619 3.981072e-07 500.000000 600.000000 Eta 
4646 10000000 0.029619 2.511886e-07 500.000000 600.000000 Eta 
1790 10000000 0.029619 1.584893e-07 500.000000 600.000000 Eta 
700 10000000 0.029619 1.000000e-07 500.000000 600.000000 Eta 
268 10000000 0.029619 6.309573e-08 500.000000 600.000000 Eta 
128 10000000 0.029619 3.981072e-08 500.000000 600.000000 Eta 
52 10000000 0.029619 2.511886e-08 500.000000 600.000000 Eta 
15 10000000 0.029619 1.584893e-08 500.000000 600.000000 Eta 
11 10000000 0.029619 1.000000e-08 500.000000 600.000000 Eta 
0 10000000 0.036445 1.000000e-03 500.000000 600.000000 Eta 
0 10000000 0.036445 6.309573e-04 500.000000 600.000000 Eta 
0 10000000 0.036445 3.981072e-04 500.000000 600.000000 Eta 
0 10000000 0.036445 2.511886e-04 500.000000 600.000000 Eta 
0 10000000 0.036445 1.584893e-04 500.000000 600.000000 Eta 
0 10000000 0.036445 1.000000e-04 500.000000 600.000000 Eta 
226 10000000 0.036445 6.309573e-05 500.000000 600.000000 Eta 
6573 10000000 0.036445 3.981072e-05 500.000000 600.000000 Eta 
10000 2258802 0.036445 2.511886e-05 500.000000 600.000000 Eta 
10000 709412 0.036445 1.584893e-05 500.000000 600.000000 Eta 
10000 353900 0.036445 1.000000e-05 500.000000 600.000000 Eta 
10000 249036 0.036445 6.309573e-06 500.000000 600.000000 Eta 
10000 249134 0.036445 3.981072e-06 500.000000 600.000000 Eta 
10000 308458 0.036445 2.511886e-06 500.000000 600.000000 Eta 
10000 493400 0.036445 1.584893e-06 500.000000 600.000000 Eta 
10000 958625 0.036445 1.000000e-06 500.000000 600.000000 Eta 
10000 2108578 0.036445 6.309573e-07 500.000000 600.000000 Eta 
10000 5070728 0.036445 3.981072e-07 500.000000 600.000000 Eta 
7948 10000000 0.036445 2.511886e-07 500.000000 600.000000 Eta 
3191 10000000 0.036445 1.584893e-07 500.000000 600.000000 Eta 
1268 10000000 0.036445 1.000000e-07 500.000000 600.000000 Eta 
554 10000000 0.036445 6.309573e-08 500.000000 600.000000 Eta 
201 10000000 0.036445 3.981072e-08 500.000000 600.000000 Eta 
103 10000000 0.036445 2.511886e-08 500.000000 600.000000 Eta 
41 10000000 0.036445 1.584893e-08 500.000000 600.000000 Eta 
16 10000000 0.036445 1.000000e-08 500.000000 600.000000 Eta 
0 10000000 0.044843 1.000000e-03 500.000000 600.000000 Eta 
0 10000000 0.044843 6.309573e-04 500.000000 600.000000 Eta 
0 10000000 0.044843 3.981072e-04 500.000000 600.000000 Eta 
0 10000000 0.044843 2.511886e-04 500.000000 600.000000 Eta 
0 10000000 0.044843 1.584893e-04 500.000000 600.000000 Eta 
0 10000000 0.044843 1.000000e-04 500.000000 600.000000 Eta 
18 10000000 0.044843 6.309573e-05 500.000000 600.000000 Eta 
2179 10000000 0.044843 3.981072e-05 500.000000 600.000000 Eta 
10000 4881090 0.044843 2.511886e-05 500.000000 600.000000 Eta 
10000 1132119 0.044843 1.584893e-05 500.000000 600.000000 Eta 
10000 448518 0.044843 1.000000e-05 500.000000 600.000000 Eta 
10000 273195 0.044843 6.309573e-06 500.000000 600.000000 Eta 
10000 249339 0.044843 3.981072e-06 500.000000 600.000000 Eta 
10000 297428 0.044843 2.511886e-06 500.000000 600.000000 Eta 
10000 422614 0.044843 1.584893e-06 500.000000 600.000000 Eta 
10000 705339 0.044843 1.000000e-06 500.000000 600.000000 Eta 
10000 1459903 0.044843 6.309573e-07 500.000000 600.000000 Eta 
10000 3339778 0.044843 3.981072e-07 500.000000 600.000000 Eta 
10000 8067412 0.044843 2.511886e-07 500.000000 600.000000 Eta 
5007 10000000 0.044843 1.584893e-07 500.000000 600.000000 Eta 
1987 10000000 0.044843 1.000000e-07 500.000000 600.000000 Eta 
820 10000000 0.044843 6.309573e-08 500.000000 600.000000 Eta 
326 10000000 0.044843 3.981072e-08 500.000000 600.000000 Eta 
123 10000000 0.044843 2.511886e-08 500.000000 600.000000 Eta 
50 10000000 0.044843 1.584893e-08 500.000000 600.000000 Eta 
22 10000000 0.044843 1.000000e-08 500.000000 600.000000 Eta 
0 10000000 0.055176 1.000000e-03 500.000000 600.000000 Eta 
0 10000000 0.055176 6.309573e-04 500.000000 600.000000 Eta 
0 10000000 0.055176 3.981072e-04 500.000000 600.000000 Eta 
0 10000000 0.055176 2.511886e-04 500.000000 600.000000 Eta 
0 10000000 0.055176 1.584893e-04 500.000000 600.000000 Eta 
0 10000000 0.055176 1.000000e-04 500.000000 600.000000 Eta 
1 10000000 0.055176 6.309573e-05 500.000000 600.000000 Eta 
427 10000000 0.055176 3.981072e-05 500.000000 600.000000 Eta 
9804 10000000 0.055176 2.511886e-05 500.000000 600.000000 Eta 
10000 1681207 0.055176 1.584893e-05 500.000000 600.000000 Eta 
10000 584551 0.055176 1.000000e-05 500.000000 600.000000 Eta 
10000 320184 0.055176 6.309573e-06 500.000000 600.000000 Eta 
10000 247737 0.055176 3.981072e-06 500.000000 600.000000 Eta 
10000 241524 0.055176 2.511886e-06 500.000000 600.000000 Eta 
10000 315047 0.055176 1.584893e-06 500.000000 600.000000 Eta 
10000 540800 0.055176 1.000000e-06 500.000000 600.000000 Eta 
10000 1087258 0.055176 6.309573e-07 500.000000 600.000000 Eta 
10000 2406281 0.055176 3.981072e-07 500.000000 600.000000 Eta 
10000 5855979 0.055176 2.511886e-07 500.000000 600.000000 Eta 
7085 10000000 0.055176 1.584893e-07 500.000000 600.000000 Eta 
2690 10000000 0.055176 1.000000e-07 500.000000 600.000000 Eta 
1097 10000000 0.055176 6.309573e-08 500.000000 600.000000 Eta 
466 10000000 0.055176 3.981072e-08 500.000000 600.000000 Eta 
189 10000000 0.055176 2.511886e-08 500.000000 600.000000 Eta 
72 10000000 0.055176 1.584893e-08 500.000000 600.000000 Eta 
26 10000000 0.055176 1.000000e-08 500.000000 600.000000 Eta 
0 10000000 0.067891 1.000000e-03 500.000000 600.000000 Eta 
0 10000000 0.067891 6.309573e-04 500.000000 600.000000 Eta 
0 10000000 0.067891 3.981072e-04 500.000000 600.000000 Eta 
0 10000000 0.067891 2.511886e-04 500.000000 600.000000 Eta 
0 10000000 0.067891 1.584893e-04 500.000000 600.000000 Eta 
0 10000000 0.067891 1.000000e-04 500.000000 600.000000 Eta 
0 10000000 0.067891 6.309573e-05 500.000000 600.000000 Eta 
41 10000000 0.067891 3.981072e-05 500.000000 600.000000 Eta 
2181 10000000 0.067891 2.511886e-05 500.000000 600.000000 Eta 
10000 4990449 0.067891 1.584893e-05 500.000000 600.000000 Eta 
10000 1088443 0.067891 1.000000e-05 500.000000 600.000000 Eta 
10000 423601 0.067891 6.309573e-06 500.000000 600.000000 Eta 
10000 266039 0.067891 3.981072e-06 500.000000 600.000000 Eta 
10000 240162 0.067891 2.511886e-06 500.000000 600.000000 Eta 
10000 273530 0.067891 1.584893e-06 500.000000 600.000000 Eta 
10000 396602 0.067891 1.000000e-06 500.000000 600.000000 Eta 
10000 695592 0.067891 6.309573e-07 500.000000 600.000000 Eta 
10000 1466580 0.067891 3.981072e-07 500.000000 600.000000 Eta 
10000 3471134 0.067891 2.511886e-07 500.000000 600.000000 Eta 
10000 8402270 0.067891 1.584893e-07 500.000000 600.000000 Eta 
4846 10000000 0.067891 1.000000e-07 500.000000 600.000000 Eta 
1960 10000000 0.067891 6.309573e-08 500.000000 600.000000 Eta 
791 10000000 0.067891 3.981072e-08 500.000000 600.000000 Eta 
289 10000000 0.067891 2.511886e-08 500.000000 600.000000 Eta 
114 10000000 0.067891 1.584893e-08 500.000000 600.000000 Eta 
44 10000000 0.067891 1.000000e-08 500.000000 600.000000 Eta 
0 10000000 0.083535 1.000000e-03 500.000000 600.000000 Eta 
0 10000000 0.083535 6.309573e-04 500.000000 600.000000 Eta 
0 10000000 0.083535 3.981072e-04 500.000000 600.000000 Eta 
0 10000000 0.083535 2.511886e-04 500.000000 600.000000 Eta 
0 10000000 0.083535 1.584893e-04 500.000000 600.000000 Eta 
0 10000000 0.083535 1.000000e-04 500.000000 600.000000 Eta 
0 10000000 0.083535 6.309573e-05 500.000000 600.000000 Eta 
2 10000000 0.083535 3.981072e-05 500.000000 600.000000 Eta 
599 10000000 0.083535 2.511886e-05 500.000000 600.000000 Eta 
7667 10000000 0.083535 1.584893e-05 500.000000 600.000000 Eta 
10000 1814174 0.083535 1.000000e-05 500.000000 600.000000 Eta 
10000 561846 0.083535 6.309573e-06 500.000000 600.000000 Eta 
10000 305602 0.083535 3.981072e-06 500.000000 600.000000 Eta 
10000 237999 0.083535 2.511886e-06 500.000000 600.000000 Eta 
10000 251548 0.083535 1.584893e-06 500.000000 600.000000 Eta 
10000 351815 0.083535 1.000000e-06 500.000000 600.000000 Eta 
10000 586326 0.083535 6.309573e-07 500.000000 600.000000 Eta 
10000 1159952 0.083535 3.981072e-07 500.000000 600.000000 Eta 
10000 2616306 0.083535 2.511886e-07 500.000000 600.000000 Eta 
10000 6248986 0.083535 1.584893e-07 500.000000 600.000000 Eta 
6465 10000000 0.083535 1.000000e-07 500.000000 600.000000 Eta 
2628 10000000 0.083535 6.309573e-08 500.000000 600.000000 Eta 
1017 10000000 0.083535 3.981072e-08 500.000000 600.000000 Eta 
419 10000000 0.083535 2.511886e-08 500.000000 600.000000 Eta 
151 10000000 0.083535 1.584893e-08 500.000000 600.000000 Eta 
65 10000000 0.083535 1.000000e-08 500.000000 600.000000 Eta 
0 10000000 0.102784 1.000000e-03 500.000000 600.000000 Eta 
0 10000000 0.102784 6.309573e-04 500.000000 600.000000 Eta 
0 10000000 0.102784 3.981072e-04 500.000000 600.000000 Eta 
0 10000000 0.102784 2.511886e-04 500.000000 600.000000 Eta 
0 10000000 0.102784 1.584893e-04 500.000000 600.000000 Eta 
0 10000000 0.102784 1.000000e-04 500.000000 600.000000 Eta 
0 10000000 0.102784 6.309573e-05 500.000000 600.000000 Eta 
0 10000000 0.102784 3.981072e-05 500.000000 600.000000 Eta 
74 10000000 0.102784 2.511886e-05 500.000000 600.000000 Eta 
4022 10000000 0.102784 1.584893e-05 500.000000 600.000000 Eta 
10000 3125086 0.102784 1.000000e-05 500.000000 600.000000 Eta 
10000 777421 0.102784 6.309573e-06 500.000000 600.000000 Eta 
10000 367519 0.102784 3.981072e-06 500.000000 600.000000 Eta 
10000 244078 0.102784 2.511886e-06 500.000000 600.000000 Eta 
10000 232564 0.102784 1.584893e-06 500.000000 600.000000 Eta 
10000 285039 0.102784 1.000000e-06 500.000000 600.000000 Eta 
10000 454202 0.102784 6.309573e-07 500.000000 600.000000 Eta 
10000 868117 0.102784 3.981072e-07 500.000000 600.000000 Eta 
10000 1884267 0.102784 2.511886e-07 500.000000 600.000000 Eta 
10000 4421859 0.102784 1.584893e-07 500.000000 600.000000 Eta 
9366 10000000 0.102784 1.000000e-07 500.000000 600.000000 Eta 
3666 10000000 0.102784 6.309573e-08 500.000000 600.000000 Eta 
1468 10000000 0.102784 3.981072e-08 500.000000 600.000000 Eta 
589 10000000 0.102784 2.511886e-08 500.000000 600.000000 Eta 
247 10000000 0.102784 1.584893e-08 500.000000 600.000000 Eta 
108 10000000 0.102784 1.000000e-08 500.000000 600.000000 Eta 
0 10000000 0.126469 1.000000e-03 500.000000 600.000000 Eta 
0 10000000 0.126469 6.309573e-04 500.000000 600.000000 Eta 
0 10000000 0.126469 3.981072e-04 500.000000 600.000000 Eta 
0 10000000 0.126469 2.511886e-04 500.000000 600.000000 Eta 
0 10000000 0.126469 1.584893e-04 500.000000 600.000000 Eta 
0 10000000 0.126469 1.000000e-04 500.000000 600.000000 Eta 
0 10000000 0.126469 6.309573e-05 500.000000 600.000000 Eta 
0 10000000 0.126469 3.981072e-05 500.000000 600.000000 Eta 
24 10000000 0.126469 2.511886e-05 500.000000 600.000000 Eta 
1778 10000000 0.126469 1.584893e-05 500.000000 600.000000 Eta 
10000 5613804 0.126469 1.000000e-05 500.000000 600.000000 Eta 
10000 1187545 0.126469 6.309573e-06 500.000000 600.000000 Eta 
10000 450400 0.126469 3.981072e-06 500.000000 600.000000 Eta 
10000 277656 0.126469 2.511886e-06 500.000000 600.000000 Eta 
10000 236282 0.126469 1.584893e-06 500.000000 600.000000 Eta 
10000 252327 0.126469 1.000000e-06 500.000000 600.000000 Eta 
10000 353203 0.126469 6.309573e-07 500.000000 600.000000 Eta 
10000 654839 0.126469 3.981072e-07 500.000000 600.000000 Eta 
10000 1406974 0.126469 2.511886e-07 500.000000 600.000000 Eta 
10000 3105596 0.126469 1.584893e-07 500.000000 600.000000 Eta 
10000 6928892 0.126469 1.000000e-07 500.000000 600.000000 Eta 
6188 10000000 0.126469 6.309573e-08 500.000000 600.000000 Eta 
2534 10000000 0.126469 3.981072e-08 500.000000 600.000000 Eta 
967 10000000 0.126469 2.511886e-08 500.000000 600.000000 Eta 
380 10000000 0.126469 1.584893e-08 500.000000 600.000000 Eta 
157 10000000 0.126469 1.000000e-08 500.000000 600.000000 Eta 
0 10000000 0.155612 1.000000e-03 500.000000 600.000000 Eta 
0 10000000 0.155612 6.309573e-04 500.000000 600.000000 Eta 
0 10000000 0.155612 3.981072e-04 500.000000 600.000000 Eta 
0 10000000 0.155612 2.511886e-04 500.000000 600.000000 Eta 
0 10000000 0.155612 1.584893e-04 500.000000 600.000000 Eta 
0 10000000 0.155612 1.000000e-04 500.000000 600.000000 Eta 
0 10000000 0.155612 6.309573e-05 500.000000 600.000000 Eta 
0 10000000 0.155612 3.981072e-05 500.000000 600.000000 Eta 
0 10000000 0.155612 2.511886e-05 500.000000 600.000000 Eta 
120 10000000 0.155612 1.584893e-05 500.000000 600.000000 Eta 
6549 10000000 0.155612 1.000000e-05 500.000000 600.000000 Eta 
10000 2150622 0.155612 6.309573e-06 500.000000 600.000000 Eta 
10000 691578 0.155612 3.981072e-06 500.000000 600.000000 Eta 
10000 342265 0.155612 2.511886e-06 500.000000 600.000000 Eta 
10000 233684 0.155612 1.584893e-06 500.000000 600.000000 Eta 
10000 230166 0.155612 1.000000e-06 500.000000 600.000000 Eta 
10000 304869 0.155612 6.309573e-07 500.000000 600.000000 Eta 
10000 505041 0.155612 3.981072e-07 500.000000 600.000000 Eta 
10000 1006972 0.155612 2.511886e-07 500.000000 600.000000 Eta 
10000 2273469 0.155612 1.584893e-07 500.000000 600.000000 Eta 
10000 5553001 0.155612 1.000000e-07 500.000000 600.000000 Eta 
7373 10000000 0.155612 6.309573e-08 500.000000 600.000000 Eta 
2922 10000000 0.155612 3.981072e-08 500.000000 600.000000 Eta 
1240 10000000 0.155612 2.511886e-08 500.000000 600.000000 Eta 
451 10000000 0.155612 1.584893e-08 500.000000 600.000000 Eta 
180 10000000 0.155612 1.000000e-08 500.000000 600.000000 Eta 
0 10000000 0.191470 1.000000e-03 500.000000 600.000000 Eta 
0 10000000 0.191470 6.309573e-04 500.000000 600.000000 Eta 
0 10000000 0.191470 3.981072e-04 500.000000 600.000000 Eta 
0 10000000 0.191470 2.511886e-04 500.000000 600.000000 Eta 
0 10000000 0.191470 1.584893e-04 500.000000 600.000000 Eta 
0 10000000 0.191470 1.000000e-04 500.000000 600.000000 Eta 
0 10000000 0.191470 6.309573e-05 500.000000 600.000000 Eta 
0 10000000 0.191470 3.981072e-05 500.000000 600.000000 Eta 
0 10000000 0.191470 2.511886e-05 500.000000 600.000000 Eta 
52 10000000 0.191470 1.584893e-05 500.000000 600.000000 Eta 
2447 10000000 0.191470 1.000000e-05 500.000000 600.000000 Eta 
10000 4492748 0.191470 6.309573e-06 500.000000 600.000000 Eta 
10000 985649 0.191470 3.981072e-06 500.000000 600.000000 Eta 
10000 422130 0.191470 2.511886e-06 500.000000 600.000000 Eta 
10000 266276 0.191470 1.584893e-06 500.000000 600.000000 Eta 
10000 223581 0.191470 1.000000e-06 500.000000 600.000000 Eta 
10000 253417 0.191470 6.309573e-07 500.000000 600.000000 Eta 
10000 382621 0.191470 3.981072e-07 500.000000 600.000000 Eta 
10000 745042 0.191470 2.511886e-07 500.000000 600.000000 Eta 
10000 1617380 0.191470 1.584893e-07 500.000000 600.000000 Eta 
10000 3677891 0.191470 1.000000e-07 500.000000 600.000000 Eta 
10000 9033241 0.191470 6.309573e-08 500.000000 600.000000 Eta 
4626 10000000 0.191470 3.981072e-08 500.000000 600.000000 Eta 
1851 10000000 0.191470 2.511886e-08 500.000000 600.000000 Eta 
711 10000000 0.191470 1.584893e-08 500.000000 600.000000 Eta 
296 10000000 0.191470 1.000000e-08 500.000000 600.000000 Eta 
0 10000000 0.235592 1.000000e-03 500.000000 600.000000 Eta 
0 10000000 0.235592 6.309573e-04 500.000000 600.000000 Eta 
0 10000000 0.235592 3.981072e-04 500.000000 600.000000 Eta 
0 10000000 0.235592 2.511886e-04 500.000000 600.000000 Eta 
0 10000000 0.235592 1.584893e-04 500.000000 600.000000 Eta 
0 10000000 0.235592 1.000000e-04 500.000000 600.000000 Eta 
0 10000000 0.235592 6.309573e-05 500.000000 600.000000 Eta 
0 10000000 0.235592 3.981072e-05 500.000000 600.000000 Eta 
0 10000000 0.235592 2.511886e-05 500.000000 600.000000 Eta 
0 10000000 0.235592 1.584893e-05 500.000000 600.000000 Eta 
3 10000000 0.235592 1.000000e-05 500.000000 600.000000 Eta 
1425 10000000 0.235592 6.309573e-06 500.000000 600.000000 Eta 
10000 4252816 0.235592 3.981072e-06 500.000000 600.000000 Eta 
10000 967924 0.235592 2.511886e-06 500.000000 600.000000 Eta 
10000 398427 0.235592 1.584893e-06 500.000000 600.000000 Eta 
10000 246479 0.235592 1.000000e-06 500.000000 600.000000 Eta 
10000 222062 0.235592 6.309573e-07 500.000000 600.000000 Eta 
10000 265755 0.235592 3.981072e-07 500.000000 600.000000 Eta 
10000 405092 0.235592 2.511886e-07 500.000000 600.000000 Eta 
10000 792084 0.235592 1.584893e-07 500.000000 600.000000 Eta 
10000 1742237 0.235592 1.000000e-07 500.000000 600.000000 Eta 
10000 4225425 0.235592 6.309573e-08 500.000000 600.000000 Eta 
9531 10000000 0.235592 3.981072e-08 500.000000 600.000000 Eta 
3827 10000000 0.235592 2.511886e-08 500.000000 600.000000 Eta 
1560 10000000 0.235592 1.584893e-08 500.000000 600.000000 Eta 
651 10000000 0.235592 1.000000e-08 500.000000 600.000000 Eta 
0 10000000 0.289880 1.000000e-03 500.000000 600.000000 Eta 
0 10000000 0.289880 6.309573e-04 500.000000 600.000000 Eta 
0 10000000 0.289880 3.981072e-04 500.000000 600.000000 Eta 
0 10000000 0.289880 2.511886e-04 500.000000 600.000000 Eta 
0 10000000 0.289880 1.584893e-04 500.000000 600.000000 Eta 
0 10000000 0.289880 1.000000e-04 500.000000 600.000000 Eta 
0 10000000 0.289880 6.309573e-05 500.000000 600.000000 Eta 
0 10000000 0.289880 3.981072e-05 500.000000 600.000000 Eta 
0 10000000 0.289880 2.511886e-05 500.000000 600.000000 Eta 
0 10000000 0.289880 1.584893e-05 500.000000 600.000000 Eta 
0 10000000 0.289880 1.000000e-05 500.000000 600.000000 Eta 
30 10000000 0.289880 6.309573e-06 500.000000 600.000000 Eta 
4126 10000000 0.289880 3.981072e-06 500.000000 600.000000 Eta 
10000 2310657 0.289880 2.511886e-06 500.000000 600.000000 Eta 
10000 605954 0.289880 1.584893e-06 500.000000 600.000000 Eta 
10000 307626 0.289880 1.000000e-06 500.000000 600.000000 Eta 
10000 224988 0.289880 6.309573e-07 500.000000 600.000000 Eta 
10000 226424 0.289880 3.981072e-07 500.000000 600.000000 Eta 
10000 309269 0.289880 2.511886e-07 500.000000 600.000000 Eta 
10000 524941 0.289880 1.584893e-07 500.000000 600.000000 Eta 
10000 1072776 0.289880 1.000000e-07 500.000000 600.000000 Eta 
10000 2395704 0.289880 6.309573e-08 500.000000 600.000000 Eta 
10000 5845208 0.289880 3.981072e-08 500.000000 600.000000 Eta 
6881 10000000 0.289880 2.511886e-08 500.000000 600.000000 Eta 
2710 10000000 0.289880 1.584893e-08 500.000000 600.000000 Eta 
1121 10000000 0.289880 1.000000e-08 500.000000 600.000000 Eta 
0 10000000 0.356678 1.000000e-03 500.000000 600.000000 Eta 
0 10000000 0.356678 6.309573e-04 500.000000 600.000000 Eta 
0 10000000 0.356678 3.981072e-04 500.000000 600.000000 Eta 
0 10000000 0.356678 2.511886e-04 500.000000 600.000000 Eta 
0 10000000 0.356678 1.584893e-04 500.000000 600.000000 Eta 
0 10000000 0.356678 1.000000e-04 500.000000 600.000000 Eta 
0 10000000 0.356678 6.309573e-05 500.000000 600.000000 Eta 
0 10000000 0.356678 3.981072e-05 500.000000 600.000000 Eta 
0 10000000 0.356678 2.511886e-05 500.000000 600.000000 Eta 
0 10000000 0.356678 1.584893e-05 500.000000 600.000000 Eta 
0 10000000 0.356678 1.000000e-05 500.000000 600.000000 Eta 
11 10000000 0.356678 6.309573e-06 500.000000 600.000000 Eta 
1545 10000000 0.356678 3.981072e-06 500.000000 600.000000 Eta 
10000 4703622 0.356678 2.511886e-06 500.000000 600.000000 Eta 
10000 966133 0.356678 1.584893e-06 500.000000 600.000000 Eta 
10000 373584 0.356678 1.000000e-06 500.000000 600.000000 Eta 
10000 234802 0.356678 6.309573e-07 500.000000 600.000000 Eta 
10000 214689 0.356678 3.981072e-07 500.000000 600.000000 Eta 
10000 276065 0.356678 2.511886e-07 500.000000 600.000000 Eta 
10000 433962 0.356678 1.584893e-07 500.000000 600.000000 Eta 
10000 823500 0.356678 1.000000e-07 500.000000 600.000000 Eta 
10000 1762484 0.356678 6.309573e-08 500.000000 600.000000 Eta 
10000 4106446 0.356678 3.981072e-08 500.000000 600.000000 Eta 
9784 10000000 0.356678 2.511886e-08 500.000000 600.000000 Eta 
3893 10000000 0.356678 1.584893e-08 500.000000 600.000000 Eta 
1568 10000000 0.356678 1.000000e-08 500.000000 600.000000 Eta 
0 10000000 0.438869 1.000000e-03 500.000000 600.000000 Eta 
0 10000000 0.438869 6.309573e-04 500.000000 600.000000 Eta 
0 10000000 0.438869 3.981072e-04 500.000000 600.000000 Eta 
0 10000000 0.438869 2.511886e-04 500.000000 600.000000 Eta 
0 10000000 0.438869 1.584893e-04 500.000000 600.000000 Eta 
0 10000000 0.438869 1.000000e-04 500.000000 600.000000 Eta 
0 10000000 0.438869 6.309573e-05 500.000000 600.000000 Eta 
0 10000000 0.438869 3.981072e-05 500.000000 600.000000 Eta 
0 10000000 0.438869 2.511886e-05 500.000000 600.000000 Eta 
0 10000000 0.438869 1.584893e-05 500.000000 600.000000 Eta 
0 10000000 0.438869 1.000000e-05 500.000000 600.000000 Eta 
0 10000000 0.438869 6.309573e-06 500.000000 600.000000 Eta 
61 10000000 0.438869 3.981072e-06 500.000000 600.000000 Eta 
6368 10000000 0.438869 2.511886e-06 500.000000 600.000000 Eta 
10000 1735572 0.438869 1.584893e-06 500.000000 600.000000 Eta 
10000 493611 0.438869 1.000000e-06 500.000000 600.000000 Eta 
10000 252433 0.438869 6.309573e-07 500.000000 600.000000 Eta 
10000 210118 0.438869 3.981072e-07 500.000000 600.000000 Eta 
10000 243347 0.438869 2.511886e-07 500.000000 600.000000 Eta 
10000 355455 0.438869 1.584893e-07 500.000000 600.000000 Eta 
10000 642518 0.438869 1.000000e-07 500.000000 600.000000 Eta 
10000 1364494 0.438869 6.309573e-08 500.000000 600.000000 Eta 
10000 3156176 0.438869 3.981072e-08 500.000000 600.000000 Eta 
10000 7759458 0.438869 2.511886e-08 500.000000 600.000000 Eta 
5215 10000000 0.438869 1.584893e-08 500.000000 600.000000 Eta 
2123 10000000 0.438869 1.000000e-08 500.000000 600.000000 Eta 
0 10000000 0.540000 1.000000e-03 500.000000 600.000000 Eta 
0 10000000 0.540000 6.309573e-04 500.000000 600.000000 Eta 
0 10000000 0.540000 3.981072e-04 500.000000 600.000000 Eta 
0 10000000 0.540000 2.511886e-04 500.000000 600.000000 Eta 
0 10000000 0.540000 1.584893e-04 500.000000 600.000000 Eta 
0 10000000 0.540000 1.000000e-04 500.000000 600.000000 Eta 
0 10000000 0.540000 6.309573e-05 500.000000 600.000000 Eta 
0 10000000 0.540000 3.981072e-05 500.000000 600.000000 Eta 
0 10000000 0.540000 2.511886e-05 500.000000 600.000000 Eta 
0 10000000 0.540000 1.584893e-05 500.000000 600.000000 Eta 
0 10000000 0.540000 1.000000e-05 500.000000 600.000000 Eta 
0 10000000 0.540000 6.309573e-06 500.000000 600.000000 Eta 
10 10000000 0.540000 3.981072e-06 500.000000 600.000000 Eta 
2326 10000000 0.540000 2.511886e-06 500.000000 600.000000 Eta 
10000 3634135 0.540000 1.584893e-06 500.000000 600.000000 Eta 
10000 735323 0.540000 1.000000e-06 500.000000 600.000000 Eta 
10000 302090 0.540000 6.309573e-07 500.000000 600.000000 Eta 
10000 222374 0.540000 3.981072e-07 500.000000 600.000000 Eta 
10000 227144 0.540000 2.511886e-07 500.000000 600.000000 Eta 
10000 295954 0.540000 1.584893e-07 500.000000 600.000000 Eta 
10000 479884 0.540000 1.000000e-07 500.000000 600.000000 Eta 
10000 961216 0.540000 6.309573e-08 500.000000 600.000000 Eta 
10000 2154621 0.540000 3.981072e-08 500.000000 600.000000 Eta 
10000 5080822 0.540000 2.511886e-08 500.000000 600.000000 Eta 
7938 10000000 0.540000 1.584893e-08 500.000000 600.000000 Eta 
3266 10000000 0.540000 1.000000e-08 500.000000 600.000000 Eta 
