378 10000 0.011603 1.000000e-04 500.000000 600.000000 Brem 
602 10000 0.011603 6.309573e-05 500.000000 600.000000 Brem 
486 10000 0.011603 3.981072e-05 500.000000 600.000000 Brem 
282 10000 0.011603 2.511886e-05 500.000000 600.000000 Brem 
111 10000 0.011603 1.584893e-05 500.000000 600.000000 Brem 
52 10000 0.011603 1.000000e-05 500.000000 600.000000 Brem 
24 10000 0.011603 6.309573e-06 500.000000 600.000000 Brem 
10 15766 0.011603 3.981072e-06 500.000000 600.000000 Brem 
10 35196 0.011603 2.511886e-06 500.000000 600.000000 Brem 
10 50757 0.011603 1.584893e-06 500.000000 600.000000 Brem 
10 116377 0.011603 1.000000e-06 500.000000 600.000000 Brem 
10 588504 0.011603 6.309573e-07 500.000000 600.000000 Brem 
10 1350085 0.011603 3.981072e-07 500.000000 600.000000 Brem 
10 2911279 0.011603 2.511886e-07 500.000000 600.000000 Brem 
10 12115369 0.011603 1.584893e-07 500.000000 600.000000 Brem 
10 15255611 0.011603 1.000000e-07 500.000000 600.000000 Brem 
10 36094421 0.011603 6.309573e-08 500.000000 600.000000 Brem 
10 77758181 0.011603 3.981072e-08 500.000000 600.000000 Brem 
2 100000000 0.011603 2.511886e-08 500.000000 600.000000 Brem 
108 10000 0.015117 1.000000e-04 500.000000 600.000000 Brem 
498 10000 0.015117 6.309573e-05 500.000000 600.000000 Brem 
633 10000 0.015117 3.981072e-05 500.000000 600.000000 Brem 
467 10000 0.015117 2.511886e-05 500.000000 600.000000 Brem 
245 10000 0.015117 1.584893e-05 500.000000 600.000000 Brem 
105 10000 0.015117 1.000000e-05 500.000000 600.000000 Brem 
39 10000 0.015117 6.309573e-06 500.000000 600.000000 Brem 
22 10000 0.015117 3.981072e-06 500.000000 600.000000 Brem 
10 13587 0.015117 2.511886e-06 500.000000 600.000000 Brem 
10 25321 0.015117 1.584893e-06 500.000000 600.000000 Brem 
10 67821 0.015117 1.000000e-06 500.000000 600.000000 Brem 
10 212516 0.015117 6.309573e-07 500.000000 600.000000 Brem 
10 647515 0.015117 3.981072e-07 500.000000 600.000000 Brem 
10 1308393 0.015117 2.511886e-07 500.000000 600.000000 Brem 
10 2940182 0.015117 1.584893e-07 500.000000 600.000000 Brem 
10 9401236 0.015117 1.000000e-07 500.000000 600.000000 Brem 
10 21478677 0.015117 6.309573e-08 500.000000 600.000000 Brem 
10 35915449 0.015117 3.981072e-08 500.000000 600.000000 Brem 
7 100000000 0.015117 2.511886e-08 500.000000 600.000000 Brem 
54 10000 0.019695 1.000000e-04 500.000000 600.000000 Brem 
197 10000 0.019695 6.309573e-05 500.000000 600.000000 Brem 
562 10000 0.019695 3.981072e-05 500.000000 600.000000 Brem 
565 10000 0.019695 2.511886e-05 500.000000 600.000000 Brem 
400 10000 0.019695 1.584893e-05 500.000000 600.000000 Brem 
167 10000 0.019695 1.000000e-05 500.000000 600.000000 Brem 
91 10000 0.019695 6.309573e-06 500.000000 600.000000 Brem 
38 10000 0.019695 3.981072e-06 500.000000 600.000000 Brem 
14 10000 0.019695 2.511886e-06 500.000000 600.000000 Brem 
10 10421 0.019695 1.584893e-06 500.000000 600.000000 Brem 
10 47243 0.019695 1.000000e-06 500.000000 600.000000 Brem 
10 113058 0.019695 6.309573e-07 500.000000 600.000000 Brem 
10 294162 0.019695 3.981072e-07 500.000000 600.000000 Brem 
10 605346 0.019695 2.511886e-07 500.000000 600.000000 Brem 
10 2054453 0.019695 1.584893e-07 500.000000 600.000000 Brem 
10 3178416 0.019695 1.000000e-07 500.000000 600.000000 Brem 
10 18527047 0.019695 6.309573e-08 500.000000 600.000000 Brem 
10 35915449 0.019695 3.981072e-08 500.000000 600.000000 Brem 
10 59744345 0.019695 2.511886e-08 500.000000 600.000000 Brem 
10 10000 0.025659 1.000000e-04 500.000000 600.000000 Brem 
100 10000 0.025659 6.309573e-05 500.000000 600.000000 Brem 
381 10000 0.025659 3.981072e-05 500.000000 600.000000 Brem 
657 10000 0.025659 2.511886e-05 500.000000 600.000000 Brem 
520 10000 0.025659 1.584893e-05 500.000000 600.000000 Brem 
316 10000 0.025659 1.000000e-05 500.000000 600.000000 Brem 
132 10000 0.025659 6.309573e-06 500.000000 600.000000 Brem 
48 10000 0.025659 3.981072e-06 500.000000 600.000000 Brem 
29 10000 0.025659 2.511886e-06 500.000000 600.000000 Brem 
10 10000 0.025659 1.584893e-06 500.000000 600.000000 Brem 
10 34579 0.025659 1.000000e-06 500.000000 600.000000 Brem 
10 60626 0.025659 6.309573e-07 500.000000 600.000000 Brem 
10 158195 0.025659 3.981072e-07 500.000000 600.000000 Brem 
10 488638 0.025659 2.511886e-07 500.000000 600.000000 Brem 
10 1368441 0.025659 1.584893e-07 500.000000 600.000000 Brem 
10 2006679 0.025659 1.000000e-07 500.000000 600.000000 Brem 
10 6565830 0.025659 6.309573e-08 500.000000 600.000000 Brem 
10 10899100 0.025659 3.981072e-08 500.000000 600.000000 Brem 
10 26084146 0.025659 2.511886e-08 500.000000 600.000000 Brem 
10 242800 0.033428 1.000000e-04 500.000000 600.000000 Brem 
29 10000 0.033428 6.309573e-05 500.000000 600.000000 Brem 
148 10000 0.033428 3.981072e-05 500.000000 600.000000 Brem 
529 10000 0.033428 2.511886e-05 500.000000 600.000000 Brem 
633 10000 0.033428 1.584893e-05 500.000000 600.000000 Brem 
460 10000 0.033428 1.000000e-05 500.000000 600.000000 Brem 
226 10000 0.033428 6.309573e-06 500.000000 600.000000 Brem 
95 10000 0.033428 3.981072e-06 500.000000 600.000000 Brem 
36 10000 0.033428 2.511886e-06 500.000000 600.000000 Brem 
11 10000 0.033428 1.584893e-06 500.000000 600.000000 Brem 
10 10000 0.033428 1.000000e-06 500.000000 600.000000 Brem 
10 28565 0.033428 6.309573e-07 500.000000 600.000000 Brem 
10 109749 0.033428 3.981072e-07 500.000000 600.000000 Brem 
10 366112 0.033428 2.511886e-07 500.000000 600.000000 Brem 
10 862793 0.033428 1.584893e-07 500.000000 600.000000 Brem 
10 954220 0.033428 1.000000e-07 500.000000 600.000000 Brem 
10 2860718 0.033428 6.309573e-08 500.000000 600.000000 Brem 
10 8190139 0.033428 3.981072e-08 500.000000 600.000000 Brem 
10 14214552 0.033428 2.511886e-08 500.000000 600.000000 Brem 
10 15388432 0.043551 1.000000e-04 500.000000 600.000000 Brem 
10 29740 0.043551 6.309573e-05 500.000000 600.000000 Brem 
66 10000 0.043551 3.981072e-05 500.000000 600.000000 Brem 
299 10000 0.043551 2.511886e-05 500.000000 600.000000 Brem 
634 10000 0.043551 1.584893e-05 500.000000 600.000000 Brem 
637 10000 0.043551 1.000000e-05 500.000000 600.000000 Brem 
351 10000 0.043551 6.309573e-06 500.000000 600.000000 Brem 
139 10000 0.043551 3.981072e-06 500.000000 600.000000 Brem 
66 10000 0.043551 2.511886e-06 500.000000 600.000000 Brem 
35 10000 0.043551 1.584893e-06 500.000000 600.000000 Brem 
10 15592 0.043551 1.000000e-06 500.000000 600.000000 Brem 
10 28197 0.043551 6.309573e-07 500.000000 600.000000 Brem 
10 73601 0.043551 3.981072e-07 500.000000 600.000000 Brem 
10 196406 0.043551 2.511886e-07 500.000000 600.000000 Brem 
10 447376 0.043551 1.584893e-07 500.000000 600.000000 Brem 
10 1096931 0.043551 1.000000e-07 500.000000 600.000000 Brem 
10 2319928 0.043551 6.309573e-08 500.000000 600.000000 Brem 
10 6758672 0.043551 3.981072e-08 500.000000 600.000000 Brem 
10 15255611 0.043551 2.511886e-08 500.000000 600.000000 Brem 
0 100000000 0.056739 1.000000e-04 500.000000 600.000000 Brem 
10 555228 0.056739 6.309573e-05 500.000000 600.000000 Brem 
14 10000 0.056739 3.981072e-05 500.000000 600.000000 Brem 
160 10000 0.056739 2.511886e-05 500.000000 600.000000 Brem 
484 10000 0.056739 1.584893e-05 500.000000 600.000000 Brem 
584 10000 0.056739 1.000000e-05 500.000000 600.000000 Brem 
507 10000 0.056739 6.309573e-06 500.000000 600.000000 Brem 
219 10000 0.056739 3.981072e-06 500.000000 600.000000 Brem 
107 10000 0.056739 2.511886e-06 500.000000 600.000000 Brem 
36 10000 0.056739 1.584893e-06 500.000000 600.000000 Brem 
22 10000 0.056739 1.000000e-06 500.000000 600.000000 Brem 
10 10000 0.056739 6.309573e-07 500.000000 600.000000 Brem 
10 35319 0.056739 3.981072e-07 500.000000 600.000000 Brem 
10 191668 0.056739 2.511886e-07 500.000000 600.000000 Brem 
10 387197 0.056739 1.584893e-07 500.000000 600.000000 Brem 
10 433619 0.056739 1.000000e-07 500.000000 600.000000 Brem 
10 1125211 0.056739 6.309573e-08 500.000000 600.000000 Brem 
10 4182634 0.056739 3.981072e-08 500.000000 600.000000 Brem 
10 13501825 0.056739 2.511886e-08 500.000000 600.000000 Brem 
0 100000000 0.073920 1.000000e-04 500.000000 600.000000 Brem 
10 60075327 0.073920 6.309573e-05 500.000000 600.000000 Brem 
10 34345 0.073920 3.981072e-05 500.000000 600.000000 Brem 
53 10000 0.073920 2.511886e-05 500.000000 600.000000 Brem 
246 10000 0.073920 1.584893e-05 500.000000 600.000000 Brem 
574 10000 0.073920 1.000000e-05 500.000000 600.000000 Brem 
604 10000 0.073920 6.309573e-06 500.000000 600.000000 Brem 
399 10000 0.073920 3.981072e-06 500.000000 600.000000 Brem 
186 10000 0.073920 2.511886e-06 500.000000 600.000000 Brem 
74 10000 0.073920 1.584893e-06 500.000000 600.000000 Brem 
40 10000 0.073920 1.000000e-06 500.000000 600.000000 Brem 
10 11727 0.073920 6.309573e-07 500.000000 600.000000 Brem 
10 19176 0.073920 3.981072e-07 500.000000 600.000000 Brem 
10 63188 0.073920 2.511886e-07 500.000000 600.000000 Brem 
10 180707 0.073920 1.584893e-07 500.000000 600.000000 Brem 
10 268039 0.073920 1.000000e-07 500.000000 600.000000 Brem 
10 855084 0.073920 6.309573e-08 500.000000 600.000000 Brem 
10 2719026 0.073920 3.981072e-08 500.000000 600.000000 Brem 
10 3076002 0.073920 2.511886e-08 500.000000 600.000000 Brem 
0 100000000 0.096304 1.000000e-04 500.000000 600.000000 Brem 
0 100000000 0.096304 6.309573e-05 500.000000 600.000000 Brem 
10 1934104 0.096304 3.981072e-05 500.000000 600.000000 Brem 
11 10000 0.096304 2.511886e-05 500.000000 600.000000 Brem 
113 10000 0.096304 1.584893e-05 500.000000 600.000000 Brem 
407 10000 0.096304 1.000000e-05 500.000000 600.000000 Brem 
628 10000 0.096304 6.309573e-06 500.000000 600.000000 Brem 
491 10000 0.096304 3.981072e-06 500.000000 600.000000 Brem 
281 10000 0.096304 2.511886e-06 500.000000 600.000000 Brem 
132 10000 0.096304 1.584893e-06 500.000000 600.000000 Brem 
48 10000 0.096304 1.000000e-06 500.000000 600.000000 Brem 
24 10000 0.096304 6.309573e-07 500.000000 600.000000 Brem 
10 17107 0.096304 3.981072e-07 500.000000 600.000000 Brem 
10 23239 0.096304 2.511886e-07 500.000000 600.000000 Brem 
10 61097 0.096304 1.584893e-07 500.000000 600.000000 Brem 
10 229596 0.096304 1.000000e-07 500.000000 600.000000 Brem 
10 372284 0.096304 6.309573e-08 500.000000 600.000000 Brem 
10 1183726 0.096304 3.981072e-08 500.000000 600.000000 Brem 
10 2054453 0.096304 2.511886e-08 500.000000 600.000000 Brem 
0 100000000 0.125467 1.000000e-04 500.000000 600.000000 Brem 
0 100000000 0.125467 6.309573e-05 500.000000 600.000000 Brem 
2 100000000 0.125467 3.981072e-05 500.000000 600.000000 Brem 
10 122236 0.125467 2.511886e-05 500.000000 600.000000 Brem 
33 10000 0.125467 1.584893e-05 500.000000 600.000000 Brem 
228 10000 0.125467 1.000000e-05 500.000000 600.000000 Brem 
514 10000 0.125467 6.309573e-06 500.000000 600.000000 Brem 
649 10000 0.125467 3.981072e-06 500.000000 600.000000 Brem 
393 10000 0.125467 2.511886e-06 500.000000 600.000000 Brem 
182 10000 0.125467 1.584893e-06 500.000000 600.000000 Brem 
79 10000 0.125467 1.000000e-06 500.000000 600.000000 Brem 
34 10000 0.125467 6.309573e-07 500.000000 600.000000 Brem 
15 10000 0.125467 3.981072e-07 500.000000 600.000000 Brem 
10 12724 0.125467 2.511886e-07 500.000000 600.000000 Brem 
10 63045 0.125467 1.584893e-07 500.000000 600.000000 Brem 
10 145858 0.125467 1.000000e-07 500.000000 600.000000 Brem 
10 187015 0.125467 6.309573e-08 500.000000 600.000000 Brem 
10 727478 0.125467 3.981072e-08 500.000000 600.000000 Brem 
10 1813039 0.125467 2.511886e-08 500.000000 600.000000 Brem 
0 100000000 0.163460 1.000000e-04 500.000000 600.000000 Brem 
0 100000000 0.163460 6.309573e-05 500.000000 600.000000 Brem 
0 100000000 0.163460 3.981072e-05 500.000000 600.000000 Brem 
10 5689479 0.163460 2.511886e-05 500.000000 600.000000 Brem 
10 21289 0.163460 1.584893e-05 500.000000 600.000000 Brem 
93 10000 0.163460 1.000000e-05 500.000000 600.000000 Brem 
361 10000 0.163460 6.309573e-06 500.000000 600.000000 Brem 
641 10000 0.163460 3.981072e-06 500.000000 600.000000 Brem 
561 10000 0.163460 2.511886e-06 500.000000 600.000000 Brem 
282 10000 0.163460 1.584893e-06 500.000000 600.000000 Brem 
135 10000 0.163460 1.000000e-06 500.000000 600.000000 Brem 
55 10000 0.163460 6.309573e-07 500.000000 600.000000 Brem 
26 10000 0.163460 3.981072e-07 500.000000 600.000000 Brem 
10 13295 0.163460 2.511886e-07 500.000000 600.000000 Brem 
10 12628 0.163460 1.584893e-07 500.000000 600.000000 Brem 
10 106754 0.163460 1.000000e-07 500.000000 600.000000 Brem 
10 195551 0.163460 6.309573e-08 500.000000 600.000000 Brem 
10 535268 0.163460 3.981072e-08 500.000000 600.000000 Brem 
10 658962 0.163460 2.511886e-08 500.000000 600.000000 Brem 
0 100000000 0.212958 1.000000e-04 500.000000 600.000000 Brem 
0 100000000 0.212958 6.309573e-05 500.000000 600.000000 Brem 
0 100000000 0.212958 3.981072e-05 500.000000 600.000000 Brem 
0 100000000 0.212958 2.511886e-05 500.000000 600.000000 Brem 
10 432732 0.212958 1.584893e-05 500.000000 600.000000 Brem 
11 10000 0.212958 1.000000e-05 500.000000 600.000000 Brem 
154 10000 0.212958 6.309573e-06 500.000000 600.000000 Brem 
457 10000 0.212958 3.981072e-06 500.000000 600.000000 Brem 
623 10000 0.212958 2.511886e-06 500.000000 600.000000 Brem 
543 10000 0.212958 1.584893e-06 500.000000 600.000000 Brem 
248 10000 0.212958 1.000000e-06 500.000000 600.000000 Brem 
106 10000 0.212958 6.309573e-07 500.000000 600.000000 Brem 
38 10000 0.212958 3.981072e-07 500.000000 600.000000 Brem 
17 10000 0.212958 2.511886e-07 500.000000 600.000000 Brem 
10 17404 0.212958 1.584893e-07 500.000000 600.000000 Brem 
10 69664 0.212958 1.000000e-07 500.000000 600.000000 Brem 
10 77524 0.212958 6.309573e-08 500.000000 600.000000 Brem 
10 157916 0.212958 3.981072e-08 500.000000 600.000000 Brem 
10 511071 0.212958 2.511886e-08 500.000000 600.000000 Brem 
0 100000000 0.277445 1.000000e-04 500.000000 600.000000 Brem 
0 100000000 0.277445 6.309573e-05 500.000000 600.000000 Brem 
0 100000000 0.277445 3.981072e-05 500.000000 600.000000 Brem 
0 100000000 0.277445 2.511886e-05 500.000000 600.000000 Brem 
0 100000000 0.277445 1.584893e-05 500.000000 600.000000 Brem 
10 873726 0.277445 1.000000e-05 500.000000 600.000000 Brem 
15 10000 0.277445 6.309573e-06 500.000000 600.000000 Brem 
137 10000 0.277445 3.981072e-06 500.000000 600.000000 Brem 
437 10000 0.277445 2.511886e-06 500.000000 600.000000 Brem 
634 10000 0.277445 1.584893e-06 500.000000 600.000000 Brem 
474 10000 0.277445 1.000000e-06 500.000000 600.000000 Brem 
263 10000 0.277445 6.309573e-07 500.000000 600.000000 Brem 
84 10000 0.277445 3.981072e-07 500.000000 600.000000 Brem 
48 10000 0.277445 2.511886e-07 500.000000 600.000000 Brem 
25 10000 0.277445 1.584893e-07 500.000000 600.000000 Brem 
10 14066 0.277445 1.000000e-07 500.000000 600.000000 Brem 
10 42217 0.277445 6.309573e-08 500.000000 600.000000 Brem 
10 79391 0.277445 3.981072e-08 500.000000 600.000000 Brem 
10 151322 0.277445 2.511886e-08 500.000000 600.000000 Brem 
0 100000000 0.361459 1.000000e-04 500.000000 600.000000 Brem 
0 100000000 0.361459 6.309573e-05 500.000000 600.000000 Brem 
0 100000000 0.361459 3.981072e-05 500.000000 600.000000 Brem 
0 100000000 0.361459 2.511886e-05 500.000000 600.000000 Brem 
0 100000000 0.361459 1.584893e-05 500.000000 600.000000 Brem 
3 100000000 0.361459 1.000000e-05 500.000000 600.000000 Brem 
10 69430 0.361459 6.309573e-06 500.000000 600.000000 Brem 
37 10000 0.361459 3.981072e-06 500.000000 600.000000 Brem 
205 10000 0.361459 2.511886e-06 500.000000 600.000000 Brem 
496 10000 0.361459 1.584893e-06 500.000000 600.000000 Brem 
598 10000 0.361459 1.000000e-06 500.000000 600.000000 Brem 
427 10000 0.361459 6.309573e-07 500.000000 600.000000 Brem 
195 10000 0.361459 3.981072e-07 500.000000 600.000000 Brem 
91 10000 0.361459 2.511886e-07 500.000000 600.000000 Brem 
39 10000 0.361459 1.584893e-07 500.000000 600.000000 Brem 
10 10030 0.361459 1.000000e-07 500.000000 600.000000 Brem 
10 25321 0.361459 6.309573e-08 500.000000 600.000000 Brem 
10 67714 0.361459 3.981072e-08 500.000000 600.000000 Brem 
10 114876 0.361459 2.511886e-08 500.000000 600.000000 Brem 
0 100000000 0.470915 1.000000e-04 500.000000 600.000000 Brem 
0 100000000 0.470915 6.309573e-05 500.000000 600.000000 Brem 
0 100000000 0.470915 3.981072e-05 500.000000 600.000000 Brem 
0 100000000 0.470915 2.511886e-05 500.000000 600.000000 Brem 
0 100000000 0.470915 1.584893e-05 500.000000 600.000000 Brem 
0 100000000 0.470915 1.000000e-05 500.000000 600.000000 Brem 
10 22469336 0.470915 6.309573e-06 500.000000 600.000000 Brem 
10 26933 0.470915 3.981072e-06 500.000000 600.000000 Brem 
85 10000 0.470915 2.511886e-06 500.000000 600.000000 Brem 
297 10000 0.470915 1.584893e-06 500.000000 600.000000 Brem 
582 10000 0.470915 1.000000e-06 500.000000 600.000000 Brem 
549 10000 0.470915 6.309573e-07 500.000000 600.000000 Brem 
346 10000 0.470915 3.981072e-07 500.000000 600.000000 Brem 
158 10000 0.470915 2.511886e-07 500.000000 600.000000 Brem 
47 10000 0.470915 1.584893e-07 500.000000 600.000000 Brem 
26 10000 0.470915 1.000000e-07 500.000000 600.000000 Brem 
16 10000 0.470915 6.309573e-08 500.000000 600.000000 Brem 
10 17516 0.470915 3.981072e-08 500.000000 600.000000 Brem 
10 69446 0.470915 2.511886e-08 500.000000 600.000000 Brem 
0 100000000 0.613515 1.000000e-04 500.000000 600.000000 Brem 
0 100000000 0.613515 6.309573e-05 500.000000 600.000000 Brem 
0 100000000 0.613515 3.981072e-05 500.000000 600.000000 Brem 
0 100000000 0.613515 2.511886e-05 500.000000 600.000000 Brem 
0 100000000 0.613515 1.584893e-05 500.000000 600.000000 Brem 
0 100000000 0.613515 1.000000e-05 500.000000 600.000000 Brem 
0 100000000 0.613515 6.309573e-06 500.000000 600.000000 Brem 
10 28229053 0.613515 3.981072e-06 500.000000 600.000000 Brem 
10 11760 0.613515 2.511886e-06 500.000000 600.000000 Brem 
98 10000 0.613515 1.584893e-06 500.000000 600.000000 Brem 
364 10000 0.613515 1.000000e-06 500.000000 600.000000 Brem 
600 10000 0.613515 6.309573e-07 500.000000 600.000000 Brem 
589 10000 0.613515 3.981072e-07 500.000000 600.000000 Brem 
301 10000 0.613515 2.511886e-07 500.000000 600.000000 Brem 
127 10000 0.613515 1.584893e-07 500.000000 600.000000 Brem 
54 10000 0.613515 1.000000e-07 500.000000 600.000000 Brem 
29 10000 0.613515 6.309573e-08 500.000000 600.000000 Brem 
16 10000 0.613515 3.981072e-08 500.000000 600.000000 Brem 
10 13227 0.613515 2.511886e-08 500.000000 600.000000 Brem 
0 100000000 0.799296 1.000000e-04 500.000000 600.000000 Brem 
0 100000000 0.799296 6.309573e-05 500.000000 600.000000 Brem 
0 100000000 0.799296 3.981072e-05 500.000000 600.000000 Brem 
0 100000000 0.799296 2.511886e-05 500.000000 600.000000 Brem 
0 100000000 0.799296 1.584893e-05 500.000000 600.000000 Brem 
0 100000000 0.799296 1.000000e-05 500.000000 600.000000 Brem 
0 100000000 0.799296 6.309573e-06 500.000000 600.000000 Brem 
0 100000000 0.799296 3.981072e-06 500.000000 600.000000 Brem 
0 100000000 0.799296 2.511886e-06 500.000000 600.000000 Brem 
10 443078 0.799296 1.584893e-06 500.000000 600.000000 Brem 
25 10000 0.799296 1.000000e-06 500.000000 600.000000 Brem 
201 10000 0.799296 6.309573e-07 500.000000 600.000000 Brem 
501 10000 0.799296 3.981072e-07 500.000000 600.000000 Brem 
599 10000 0.799296 2.511886e-07 500.000000 600.000000 Brem 
455 10000 0.799296 1.584893e-07 500.000000 600.000000 Brem 
234 10000 0.799296 1.000000e-07 500.000000 600.000000 Brem 
103 10000 0.799296 6.309573e-08 500.000000 600.000000 Brem 
39 10000 0.799296 3.981072e-08 500.000000 600.000000 Brem 
23 10000 0.799296 2.511886e-08 500.000000 600.000000 Brem 
0 100000000 1.041330 1.000000e-04 500.000000 600.000000 Brem 
0 100000000 1.041330 6.309573e-05 500.000000 600.000000 Brem 
0 100000000 1.041330 3.981072e-05 500.000000 600.000000 Brem 
0 100000000 1.041330 2.511886e-05 500.000000 600.000000 Brem 
0 100000000 1.041330 1.584893e-05 500.000000 600.000000 Brem 
0 100000000 1.041330 1.000000e-05 500.000000 600.000000 Brem 
0 100000000 1.041330 6.309573e-06 500.000000 600.000000 Brem 
0 100000000 1.041330 3.981072e-06 500.000000 600.000000 Brem 
10 94627740 1.041330 2.511886e-06 500.000000 600.000000 Brem 
10 27790 1.041330 1.584893e-06 500.000000 600.000000 Brem 
64 10000 1.041330 1.000000e-06 500.000000 600.000000 Brem 
298 10000 1.041330 6.309573e-07 500.000000 600.000000 Brem 
581 10000 1.041330 3.981072e-07 500.000000 600.000000 Brem 
578 10000 1.041330 2.511886e-07 500.000000 600.000000 Brem 
363 10000 1.041330 1.584893e-07 500.000000 600.000000 Brem 
158 10000 1.041330 1.000000e-07 500.000000 600.000000 Brem 
75 10000 1.041330 6.309573e-08 500.000000 600.000000 Brem 
29 10000 1.041330 3.981072e-08 500.000000 600.000000 Brem 
12 10000 1.041330 2.511886e-08 500.000000 600.000000 Brem 
0 100000000 1.356670 1.000000e-04 500.000000 600.000000 Brem 
0 100000000 1.356670 6.309573e-05 500.000000 600.000000 Brem 
0 100000000 1.356670 3.981072e-05 500.000000 600.000000 Brem 
0 100000000 1.356670 2.511886e-05 500.000000 600.000000 Brem 
0 100000000 1.356670 1.584893e-05 500.000000 600.000000 Brem 
0 100000000 1.356670 1.000000e-05 500.000000 600.000000 Brem 
0 100000000 1.356670 6.309573e-06 500.000000 600.000000 Brem 
0 100000000 1.356670 3.981072e-06 500.000000 600.000000 Brem 
0 100000000 1.356670 2.511886e-06 500.000000 600.000000 Brem 
10 695195 1.356670 1.584893e-06 500.000000 600.000000 Brem 
23 10000 1.356670 1.000000e-06 500.000000 600.000000 Brem 
202 10000 1.356670 6.309573e-07 500.000000 600.000000 Brem 
514 10000 1.356670 3.981072e-07 500.000000 600.000000 Brem 
600 10000 1.356670 2.511886e-07 500.000000 600.000000 Brem 
424 10000 1.356670 1.584893e-07 500.000000 600.000000 Brem 
245 10000 1.356670 1.000000e-07 500.000000 600.000000 Brem 
104 10000 1.356670 6.309573e-08 500.000000 600.000000 Brem 
45 10000 1.356670 3.981072e-08 500.000000 600.000000 Brem 
14 10000 1.356670 2.511886e-08 500.000000 600.000000 Brem 
0 100000000 1.767490 1.000000e-04 500.000000 600.000000 Brem 
0 100000000 1.767490 6.309573e-05 500.000000 600.000000 Brem 
0 100000000 1.767490 3.981072e-05 500.000000 600.000000 Brem 
0 100000000 1.767490 2.511886e-05 500.000000 600.000000 Brem 
0 100000000 1.767490 1.584893e-05 500.000000 600.000000 Brem 
0 100000000 1.767490 1.000000e-05 500.000000 600.000000 Brem 
0 100000000 1.767490 6.309573e-06 500.000000 600.000000 Brem 
0 100000000 1.767490 3.981072e-06 500.000000 600.000000 Brem 
0 100000000 1.767490 2.511886e-06 500.000000 600.000000 Brem 
0 100000000 1.767490 1.584893e-06 500.000000 600.000000 Brem 
10 158818 1.767490 1.000000e-06 500.000000 600.000000 Brem 
35 10000 1.767490 6.309573e-07 500.000000 600.000000 Brem 
229 10000 1.767490 3.981072e-07 500.000000 600.000000 Brem 
511 10000 1.767490 2.511886e-07 500.000000 600.000000 Brem 
602 10000 1.767490 1.584893e-07 500.000000 600.000000 Brem 
435 10000 1.767490 1.000000e-07 500.000000 600.000000 Brem 
216 10000 1.767490 6.309573e-08 500.000000 600.000000 Brem 
94 10000 1.767490 3.981072e-08 500.000000 600.000000 Brem 
24 10000 1.767490 2.511886e-08 500.000000 600.000000 Brem 
0 100000000 2.302710 1.000000e-04 500.000000 600.000000 Brem 
0 100000000 2.302710 6.309573e-05 500.000000 600.000000 Brem 
0 100000000 2.302710 3.981072e-05 500.000000 600.000000 Brem 
0 100000000 2.302710 2.511886e-05 500.000000 600.000000 Brem 
0 100000000 2.302710 1.584893e-05 500.000000 600.000000 Brem 
0 100000000 2.302710 1.000000e-05 500.000000 600.000000 Brem 
0 100000000 2.302710 6.309573e-06 500.000000 600.000000 Brem 
0 100000000 2.302710 3.981072e-06 500.000000 600.000000 Brem 
0 100000000 2.302710 2.511886e-06 500.000000 600.000000 Brem 
0 100000000 2.302710 1.584893e-06 500.000000 600.000000 Brem 
10 8753086 2.302710 1.000000e-06 500.000000 600.000000 Brem 
10 17874 2.302710 6.309573e-07 500.000000 600.000000 Brem 
144 10000 2.302710 3.981072e-07 500.000000 600.000000 Brem 
412 10000 2.302710 2.511886e-07 500.000000 600.000000 Brem 
589 10000 2.302710 1.584893e-07 500.000000 600.000000 Brem 
525 10000 2.302710 1.000000e-07 500.000000 600.000000 Brem 
298 10000 2.302710 6.309573e-08 500.000000 600.000000 Brem 
132 10000 2.302710 3.981072e-08 500.000000 600.000000 Brem 
44 10000 2.302710 2.511886e-08 500.000000 600.000000 Brem 
