0 2000000 0.001073 1.000000e-05 500.000000 600.000000 Brem 
0 2000000 0.001073 6.309573e-06 500.000000 600.000000 Brem 
0 2000000 0.001073 3.981072e-06 500.000000 600.000000 Brem 
0 2000000 0.001073 2.511886e-06 500.000000 600.000000 Brem 
0 2000000 0.001073 1.584893e-06 500.000000 600.000000 Brem 
0 2000000 0.001073 1.000000e-06 500.000000 600.000000 Brem 
0 2000000 0.001073 6.309573e-07 500.000000 600.000000 Brem 
0 2000000 0.001073 3.981072e-07 500.000000 600.000000 Brem 
0 2000000 0.001073 2.511886e-07 500.000000 600.000000 Brem 
0 2000000 0.001073 1.584893e-07 500.000000 600.000000 Brem 
0 2000000 0.001073 1.000000e-07 500.000000 600.000000 Brem 
0 2000000 0.001073 6.309573e-08 500.000000 600.000000 Brem 
0 2000000 0.001073 3.981072e-08 500.000000 600.000000 Brem 
0 2000000 0.001073 2.511886e-08 500.000000 600.000000 Brem 
0 2000000 0.001073 1.584893e-08 500.000000 600.000000 Brem 
0 2000000 0.001073 1.000000e-08 500.000000 600.000000 Brem 
0 2000000 0.001398 1.000000e-05 500.000000 600.000000 Brem 
0 2000000 0.001398 6.309573e-06 500.000000 600.000000 Brem 
0 2000000 0.001398 3.981072e-06 500.000000 600.000000 Brem 
0 2000000 0.001398 2.511886e-06 500.000000 600.000000 Brem 
0 2000000 0.001398 1.584893e-06 500.000000 600.000000 Brem 
0 2000000 0.001398 1.000000e-06 500.000000 600.000000 Brem 
0 2000000 0.001398 6.309573e-07 500.000000 600.000000 Brem 
0 2000000 0.001398 3.981072e-07 500.000000 600.000000 Brem 
0 2000000 0.001398 2.511886e-07 500.000000 600.000000 Brem 
0 2000000 0.001398 1.584893e-07 500.000000 600.000000 Brem 
0 2000000 0.001398 1.000000e-07 500.000000 600.000000 Brem 
0 2000000 0.001398 6.309573e-08 500.000000 600.000000 Brem 
0 2000000 0.001398 3.981072e-08 500.000000 600.000000 Brem 
0 2000000 0.001398 2.511886e-08 500.000000 600.000000 Brem 
0 2000000 0.001398 1.584893e-08 500.000000 600.000000 Brem 
0 2000000 0.001398 1.000000e-08 500.000000 600.000000 Brem 
0 2000000 0.001821 1.000000e-05 500.000000 600.000000 Brem 
0 2000000 0.001821 6.309573e-06 500.000000 600.000000 Brem 
0 2000000 0.001821 3.981072e-06 500.000000 600.000000 Brem 
0 2000000 0.001821 2.511886e-06 500.000000 600.000000 Brem 
0 2000000 0.001821 1.584893e-06 500.000000 600.000000 Brem 
0 2000000 0.001821 1.000000e-06 500.000000 600.000000 Brem 
0 2000000 0.001821 6.309573e-07 500.000000 600.000000 Brem 
0 2000000 0.001821 3.981072e-07 500.000000 600.000000 Brem 
0 2000000 0.001821 2.511886e-07 500.000000 600.000000 Brem 
0 2000000 0.001821 1.584893e-07 500.000000 600.000000 Brem 
0 2000000 0.001821 1.000000e-07 500.000000 600.000000 Brem 
0 2000000 0.001821 6.309573e-08 500.000000 600.000000 Brem 
0 2000000 0.001821 3.981072e-08 500.000000 600.000000 Brem 
0 2000000 0.001821 2.511886e-08 500.000000 600.000000 Brem 
0 2000000 0.001821 1.584893e-08 500.000000 600.000000 Brem 
0 2000000 0.001821 1.000000e-08 500.000000 600.000000 Brem 
0 2000000 0.002373 1.000000e-05 500.000000 600.000000 Brem 
0 2000000 0.002373 6.309573e-06 500.000000 600.000000 Brem 
0 2000000 0.002373 3.981072e-06 500.000000 600.000000 Brem 
0 2000000 0.002373 2.511886e-06 500.000000 600.000000 Brem 
0 2000000 0.002373 1.584893e-06 500.000000 600.000000 Brem 
0 2000000 0.002373 1.000000e-06 500.000000 600.000000 Brem 
0 2000000 0.002373 6.309573e-07 500.000000 600.000000 Brem 
0 2000000 0.002373 3.981072e-07 500.000000 600.000000 Brem 
0 2000000 0.002373 2.511886e-07 500.000000 600.000000 Brem 
0 2000000 0.002373 1.584893e-07 500.000000 600.000000 Brem 
0 2000000 0.002373 1.000000e-07 500.000000 600.000000 Brem 
0 2000000 0.002373 6.309573e-08 500.000000 600.000000 Brem 
0 2000000 0.002373 3.981072e-08 500.000000 600.000000 Brem 
0 2000000 0.002373 2.511886e-08 500.000000 600.000000 Brem 
0 2000000 0.002373 1.584893e-08 500.000000 600.000000 Brem 
0 2000000 0.002373 1.000000e-08 500.000000 600.000000 Brem 
0 2000000 0.003092 1.000000e-05 500.000000 600.000000 Brem 
0 2000000 0.003092 6.309573e-06 500.000000 600.000000 Brem 
0 2000000 0.003092 3.981072e-06 500.000000 600.000000 Brem 
0 2000000 0.003092 2.511886e-06 500.000000 600.000000 Brem 
0 2000000 0.003092 1.584893e-06 500.000000 600.000000 Brem 
0 2000000 0.003092 1.000000e-06 500.000000 600.000000 Brem 
0 2000000 0.003092 6.309573e-07 500.000000 600.000000 Brem 
0 2000000 0.003092 3.981072e-07 500.000000 600.000000 Brem 
0 2000000 0.003092 2.511886e-07 500.000000 600.000000 Brem 
0 2000000 0.003092 1.584893e-07 500.000000 600.000000 Brem 
0 2000000 0.003092 1.000000e-07 500.000000 600.000000 Brem 
0 2000000 0.003092 6.309573e-08 500.000000 600.000000 Brem 
0 2000000 0.003092 3.981072e-08 500.000000 600.000000 Brem 
0 2000000 0.003092 2.511886e-08 500.000000 600.000000 Brem 
0 2000000 0.003092 1.584893e-08 500.000000 600.000000 Brem 
0 2000000 0.003092 1.000000e-08 500.000000 600.000000 Brem 
0 2000000 0.004028 1.000000e-05 500.000000 600.000000 Brem 
0 2000000 0.004028 6.309573e-06 500.000000 600.000000 Brem 
0 2000000 0.004028 3.981072e-06 500.000000 600.000000 Brem 
0 2000000 0.004028 2.511886e-06 500.000000 600.000000 Brem 
0 2000000 0.004028 1.584893e-06 500.000000 600.000000 Brem 
0 2000000 0.004028 1.000000e-06 500.000000 600.000000 Brem 
0 2000000 0.004028 6.309573e-07 500.000000 600.000000 Brem 
0 2000000 0.004028 3.981072e-07 500.000000 600.000000 Brem 
0 2000000 0.004028 2.511886e-07 500.000000 600.000000 Brem 
0 2000000 0.004028 1.584893e-07 500.000000 600.000000 Brem 
0 2000000 0.004028 1.000000e-07 500.000000 600.000000 Brem 
0 2000000 0.004028 6.309573e-08 500.000000 600.000000 Brem 
0 2000000 0.004028 3.981072e-08 500.000000 600.000000 Brem 
0 2000000 0.004028 2.511886e-08 500.000000 600.000000 Brem 
0 2000000 0.004028 1.584893e-08 500.000000 600.000000 Brem 
0 2000000 0.004028 1.000000e-08 500.000000 600.000000 Brem 
0 2000000 0.005247 1.000000e-05 500.000000 600.000000 Brem 
0 2000000 0.005247 6.309573e-06 500.000000 600.000000 Brem 
0 2000000 0.005247 3.981072e-06 500.000000 600.000000 Brem 
0 2000000 0.005247 2.511886e-06 500.000000 600.000000 Brem 
0 2000000 0.005247 1.584893e-06 500.000000 600.000000 Brem 
0 2000000 0.005247 1.000000e-06 500.000000 600.000000 Brem 
0 2000000 0.005247 6.309573e-07 500.000000 600.000000 Brem 
0 2000000 0.005247 3.981072e-07 500.000000 600.000000 Brem 
0 2000000 0.005247 2.511886e-07 500.000000 600.000000 Brem 
0 2000000 0.005247 1.584893e-07 500.000000 600.000000 Brem 
0 2000000 0.005247 1.000000e-07 500.000000 600.000000 Brem 
0 2000000 0.005247 6.309573e-08 500.000000 600.000000 Brem 
0 2000000 0.005247 3.981072e-08 500.000000 600.000000 Brem 
0 2000000 0.005247 2.511886e-08 500.000000 600.000000 Brem 
0 2000000 0.005247 1.584893e-08 500.000000 600.000000 Brem 
0 2000000 0.005247 1.000000e-08 500.000000 600.000000 Brem 
0 2000000 0.006836 1.000000e-05 500.000000 600.000000 Brem 
0 2000000 0.006836 6.309573e-06 500.000000 600.000000 Brem 
0 2000000 0.006836 3.981072e-06 500.000000 600.000000 Brem 
0 2000000 0.006836 2.511886e-06 500.000000 600.000000 Brem 
0 2000000 0.006836 1.584893e-06 500.000000 600.000000 Brem 
0 2000000 0.006836 1.000000e-06 500.000000 600.000000 Brem 
0 2000000 0.006836 6.309573e-07 500.000000 600.000000 Brem 
0 2000000 0.006836 3.981072e-07 500.000000 600.000000 Brem 
0 2000000 0.006836 2.511886e-07 500.000000 600.000000 Brem 
0 2000000 0.006836 1.584893e-07 500.000000 600.000000 Brem 
0 2000000 0.006836 1.000000e-07 500.000000 600.000000 Brem 
0 2000000 0.006836 6.309573e-08 500.000000 600.000000 Brem 
0 2000000 0.006836 3.981072e-08 500.000000 600.000000 Brem 
0 2000000 0.006836 2.511886e-08 500.000000 600.000000 Brem 
0 2000000 0.006836 1.584893e-08 500.000000 600.000000 Brem 
0 2000000 0.006836 1.000000e-08 500.000000 600.000000 Brem 
0 2000000 0.008906 1.000000e-05 500.000000 600.000000 Brem 
0 2000000 0.008906 6.309573e-06 500.000000 600.000000 Brem 
0 2000000 0.008906 3.981072e-06 500.000000 600.000000 Brem 
0 2000000 0.008906 2.511886e-06 500.000000 600.000000 Brem 
0 2000000 0.008906 1.584893e-06 500.000000 600.000000 Brem 
0 2000000 0.008906 1.000000e-06 500.000000 600.000000 Brem 
0 2000000 0.008906 6.309573e-07 500.000000 600.000000 Brem 
0 2000000 0.008906 3.981072e-07 500.000000 600.000000 Brem 
0 2000000 0.008906 2.511886e-07 500.000000 600.000000 Brem 
0 2000000 0.008906 1.584893e-07 500.000000 600.000000 Brem 
0 2000000 0.008906 1.000000e-07 500.000000 600.000000 Brem 
0 2000000 0.008906 6.309573e-08 500.000000 600.000000 Brem 
0 2000000 0.008906 3.981072e-08 500.000000 600.000000 Brem 
0 2000000 0.008906 2.511886e-08 500.000000 600.000000 Brem 
0 2000000 0.008906 1.584893e-08 500.000000 600.000000 Brem 
0 2000000 0.008906 1.000000e-08 500.000000 600.000000 Brem 
6055 1282900 0.011603 1.000000e-05 500.000000 600.000000 Brem 
3250 1646961 0.011603 6.309573e-06 500.000000 600.000000 Brem 
1542 1842288 0.011603 3.981072e-06 500.000000 600.000000 Brem 
614 1938749 0.011603 2.511886e-06 500.000000 600.000000 Brem 
259 1972396 0.011603 1.584893e-06 500.000000 600.000000 Brem 
101 1990531 0.011603 1.000000e-06 500.000000 600.000000 Brem 
47 1995074 0.011603 6.309573e-07 500.000000 600.000000 Brem 
19 1998255 0.011603 3.981072e-07 500.000000 600.000000 Brem 
5 1999471 0.011603 2.511886e-07 500.000000 600.000000 Brem 
1 1999840 0.011603 1.584893e-07 500.000000 600.000000 Brem 
1 1999953 0.011603 1.000000e-07 500.000000 600.000000 Brem 
0 2000000 0.011603 6.309573e-08 500.000000 600.000000 Brem 
0 2000000 0.011603 3.981072e-08 500.000000 600.000000 Brem 
0 2000000 0.011603 2.511886e-08 500.000000 600.000000 Brem 
0 2000000 0.011603 1.584893e-08 500.000000 600.000000 Brem 
0 2000000 0.011603 1.000000e-08 500.000000 600.000000 Brem 
8323 879259 0.015117 1.000000e-05 500.000000 600.000000 Brem 
5641 1345029 0.015117 6.309573e-06 500.000000 600.000000 Brem 
2938 1686435 0.015117 3.981072e-06 500.000000 600.000000 Brem 
1334 1863576 0.015117 2.511886e-06 500.000000 600.000000 Brem 
578 1942705 0.015117 1.584893e-06 500.000000 600.000000 Brem 
217 1980228 0.015117 1.000000e-06 500.000000 600.000000 Brem 
99 1989696 0.015117 6.309573e-07 500.000000 600.000000 Brem 
45 1995419 0.015117 3.981072e-07 500.000000 600.000000 Brem 
15 1998658 0.015117 2.511886e-07 500.000000 600.000000 Brem 
7 1999149 0.015117 1.584893e-07 500.000000 600.000000 Brem 
1 1999952 0.015117 1.000000e-07 500.000000 600.000000 Brem 
1 1999844 0.015117 6.309573e-08 500.000000 600.000000 Brem 
1 1999848 0.015117 3.981072e-08 500.000000 600.000000 Brem 
0 2000000 0.015117 2.511886e-08 500.000000 600.000000 Brem 
0 2000000 0.015117 1.584893e-08 500.000000 600.000000 Brem 
0 2000000 0.015117 1.000000e-08 500.000000 600.000000 Brem 
9294 607014 0.019695 1.000000e-05 500.000000 600.000000 Brem 
7508 1042016 0.019695 6.309573e-06 500.000000 600.000000 Brem 
4707 1471249 0.019695 3.981072e-06 500.000000 600.000000 Brem 
2344 1752840 0.019695 2.511886e-06 500.000000 600.000000 Brem 
975 1902951 0.019695 1.584893e-06 500.000000 600.000000 Brem 
433 1957443 0.019695 1.000000e-06 500.000000 600.000000 Brem 
165 1982908 0.019695 6.309573e-07 500.000000 600.000000 Brem 
78 1992351 0.019695 3.981072e-07 500.000000 600.000000 Brem 
32 1997455 0.019695 2.511886e-07 500.000000 600.000000 Brem 
5 1999411 0.019695 1.584893e-07 500.000000 600.000000 Brem 
4 1999359 0.019695 1.000000e-07 500.000000 600.000000 Brem 
1 1999886 0.019695 6.309573e-08 500.000000 600.000000 Brem 
0 2000000 0.019695 3.981072e-08 500.000000 600.000000 Brem 
0 2000000 0.019695 2.511886e-08 500.000000 600.000000 Brem 
0 2000000 0.019695 1.584893e-08 500.000000 600.000000 Brem 
0 2000000 0.019695 1.000000e-08 500.000000 600.000000 Brem 
9777 402010 0.025659 1.000000e-05 500.000000 600.000000 Brem 
8758 771605 0.025659 6.309573e-06 500.000000 600.000000 Brem 
6302 1241522 0.025659 3.981072e-06 500.000000 600.000000 Brem 
3499 1623107 0.025659 2.511886e-06 500.000000 600.000000 Brem 
1674 1827394 0.025659 1.584893e-06 500.000000 600.000000 Brem 
676 1934275 0.025659 1.000000e-06 500.000000 600.000000 Brem 
287 1972428 0.025659 6.309573e-07 500.000000 600.000000 Brem 
122 1987521 0.025659 3.981072e-07 500.000000 600.000000 Brem 
48 1994606 0.025659 2.511886e-07 500.000000 600.000000 Brem 
21 1997956 0.025659 1.584893e-07 500.000000 600.000000 Brem 
7 1999639 0.025659 1.000000e-07 500.000000 600.000000 Brem 
3 1999640 0.025659 6.309573e-08 500.000000 600.000000 Brem 
1 1999875 0.025659 3.981072e-08 500.000000 600.000000 Brem 
0 2000000 0.025659 2.511886e-08 500.000000 600.000000 Brem 
0 2000000 0.025659 1.584893e-08 500.000000 600.000000 Brem 
0 2000000 0.025659 1.000000e-08 500.000000 600.000000 Brem 
9958 254805 0.033428 1.000000e-05 500.000000 600.000000 Brem 
9528 512084 0.033428 6.309573e-06 500.000000 600.000000 Brem 
8094 928503 0.033428 3.981072e-06 500.000000 600.000000 Brem 
5404 1389486 0.033428 2.511886e-06 500.000000 600.000000 Brem 
2692 1716189 0.033428 1.584893e-06 500.000000 600.000000 Brem 
1218 1877504 0.033428 1.000000e-06 500.000000 600.000000 Brem 
526 1946956 0.033428 6.309573e-07 500.000000 600.000000 Brem 
227 1976863 0.033428 3.981072e-07 500.000000 600.000000 Brem 
76 1991825 0.033428 2.511886e-07 500.000000 600.000000 Brem 
39 1996074 0.033428 1.584893e-07 500.000000 600.000000 Brem 
18 1997855 0.033428 1.000000e-07 500.000000 600.000000 Brem 
4 1999326 0.033428 6.309573e-08 500.000000 600.000000 Brem 
3 1999640 0.033428 3.981072e-08 500.000000 600.000000 Brem 
0 2000000 0.033428 2.511886e-08 500.000000 600.000000 Brem 
1 1999875 0.033428 1.584893e-08 500.000000 600.000000 Brem 
0 2000000 0.033428 1.000000e-08 500.000000 600.000000 Brem 
9996 186147 0.043551 1.000000e-05 500.000000 600.000000 Brem 
9858 354645 0.043551 6.309573e-06 500.000000 600.000000 Brem 
9074 689687 0.043551 3.981072e-06 500.000000 600.000000 Brem 
6909 1156289 0.043551 2.511886e-06 500.000000 600.000000 Brem 
3993 1564154 0.043551 1.584893e-06 500.000000 600.000000 Brem 
1864 1806682 0.043551 1.000000e-06 500.000000 600.000000 Brem 
840 1916482 0.043551 6.309573e-07 500.000000 600.000000 Brem 
309 1970306 0.043551 3.981072e-07 500.000000 600.000000 Brem 
156 1984830 0.043551 2.511886e-07 500.000000 600.000000 Brem 
60 1993295 0.043551 1.584893e-07 500.000000 600.000000 Brem 
21 1998016 0.043551 1.000000e-07 500.000000 600.000000 Brem 
8 1999049 0.043551 6.309573e-08 500.000000 600.000000 Brem 
9 1999146 0.043551 3.981072e-08 500.000000 600.000000 Brem 
2 1999915 0.043551 2.511886e-08 500.000000 600.000000 Brem 
1 1999952 0.043551 1.584893e-08 500.000000 600.000000 Brem 
0 2000000 0.043551 1.000000e-08 500.000000 600.000000 Brem 
10000 164596 0.056739 1.000000e-05 500.000000 600.000000 Brem 
9971 253306 0.056739 6.309573e-06 500.000000 600.000000 Brem 
9580 495849 0.056739 3.981072e-06 500.000000 600.000000 Brem 
8159 914470 0.056739 2.511886e-06 500.000000 600.000000 Brem 
5485 1369840 0.056739 1.584893e-06 500.000000 600.000000 Brem 
2860 1695243 0.056739 1.000000e-06 500.000000 600.000000 Brem 
1245 1873466 0.056739 6.309573e-07 500.000000 600.000000 Brem 
542 1946145 0.056739 3.981072e-07 500.000000 600.000000 Brem 
219 1979428 0.056739 2.511886e-07 500.000000 600.000000 Brem 
91 1990285 0.056739 1.584893e-07 500.000000 600.000000 Brem 
29 1997129 0.056739 1.000000e-07 500.000000 600.000000 Brem 
15 1998493 0.056739 6.309573e-08 500.000000 600.000000 Brem 
1 1999825 0.056739 3.981072e-08 500.000000 600.000000 Brem 
0 2000000 0.056739 2.511886e-08 500.000000 600.000000 Brem 
2 1999648 0.056739 1.584893e-08 500.000000 600.000000 Brem 
1 1999875 0.056739 1.000000e-08 500.000000 600.000000 Brem 
10000 183353 0.073920 1.000000e-05 500.000000 600.000000 Brem 
9996 184604 0.073920 6.309573e-06 500.000000 600.000000 Brem 
9890 329552 0.073920 3.981072e-06 500.000000 600.000000 Brem 
9202 642973 0.073920 2.511886e-06 500.000000 600.000000 Brem 
7198 1095649 0.073920 1.584893e-06 500.000000 600.000000 Brem 
4387 1516525 0.073920 1.000000e-06 500.000000 600.000000 Brem 
2107 1782377 0.073920 6.309573e-07 500.000000 600.000000 Brem 
915 1907710 0.073920 3.981072e-07 500.000000 600.000000 Brem 
362 1963520 0.073920 2.511886e-07 500.000000 600.000000 Brem 
138 1987285 0.073920 1.584893e-07 500.000000 600.000000 Brem 
65 1993357 0.073920 1.000000e-07 500.000000 600.000000 Brem 
26 1997419 0.073920 6.309573e-08 500.000000 600.000000 Brem 
10 1999002 0.073920 3.981072e-08 500.000000 600.000000 Brem 
4 1999565 0.073920 2.511886e-08 500.000000 600.000000 Brem 
1 1999915 0.073920 1.584893e-08 500.000000 600.000000 Brem 
0 2000000 0.073920 1.000000e-08 500.000000 600.000000 Brem 
9717 380311 0.096304 1.000000e-05 500.000000 600.000000 Brem 
10000 158690 0.096304 6.309573e-06 500.000000 600.000000 Brem 
9981 223656 0.096304 3.981072e-06 500.000000 600.000000 Brem 
9715 431145 0.096304 2.511886e-06 500.000000 600.000000 Brem 
8518 824131 0.096304 1.584893e-06 500.000000 600.000000 Brem 
5952 1293750 0.096304 1.000000e-06 500.000000 600.000000 Brem 
3394 1630390 0.096304 6.309573e-07 500.000000 600.000000 Brem 
1563 1837486 0.096304 3.981072e-07 500.000000 600.000000 Brem 
655 1934053 0.096304 2.511886e-07 500.000000 600.000000 Brem 
219 1978428 0.096304 1.584893e-07 500.000000 600.000000 Brem 
123 1987793 0.096304 1.000000e-07 500.000000 600.000000 Brem 
56 1994695 0.096304 6.309573e-08 500.000000 600.000000 Brem 
14 1998405 0.096304 3.981072e-08 500.000000 600.000000 Brem 
6 1999549 0.096304 2.511886e-08 500.000000 600.000000 Brem 
2 1999691 0.096304 1.584893e-08 500.000000 600.000000 Brem 
1 1999915 0.096304 1.000000e-08 500.000000 600.000000 Brem 
7227 901138 0.125467 1.000000e-05 500.000000 600.000000 Brem 
9994 199982 0.125467 6.309573e-06 500.000000 600.000000 Brem 
9998 172358 0.125467 3.981072e-06 500.000000 600.000000 Brem 
9928 301221 0.125467 2.511886e-06 500.000000 600.000000 Brem 
9385 584464 0.125467 1.584893e-06 500.000000 600.000000 Brem 
7577 1024573 0.125467 1.000000e-06 500.000000 600.000000 Brem 
4720 1471449 0.125467 6.309573e-07 500.000000 600.000000 Brem 
2337 1759776 0.125467 3.981072e-07 500.000000 600.000000 Brem 
1000 1898638 0.125467 2.511886e-07 500.000000 600.000000 Brem 
392 1959956 0.125467 1.584893e-07 500.000000 600.000000 Brem 
161 1984596 0.125467 1.000000e-07 500.000000 600.000000 Brem 
85 1992148 0.125467 6.309573e-08 500.000000 600.000000 Brem 
36 1996805 0.125467 3.981072e-08 500.000000 600.000000 Brem 
16 1998408 0.125467 2.511886e-08 500.000000 600.000000 Brem 
4 1999774 0.125467 1.584893e-08 500.000000 600.000000 Brem 
1 1999871 0.125467 1.000000e-08 500.000000 600.000000 Brem 
3780 1449152 0.163460 1.000000e-05 500.000000 600.000000 Brem 
9329 482430 0.163460 6.309573e-06 500.000000 600.000000 Brem 
10000 162562 0.163460 3.981072e-06 500.000000 600.000000 Brem 
9992 210142 0.163460 2.511886e-06 500.000000 600.000000 Brem 
9786 403297 0.163460 1.584893e-06 500.000000 600.000000 Brem 
8818 755699 0.163460 1.000000e-06 500.000000 600.000000 Brem 
6294 1246580 0.163460 6.309573e-07 500.000000 600.000000 Brem 
3645 1601370 0.163460 3.981072e-07 500.000000 600.000000 Brem 
1699 1825282 0.163460 2.511886e-07 500.000000 600.000000 Brem 
706 1928992 0.163460 1.584893e-07 500.000000 600.000000 Brem 
300 1970321 0.163460 1.000000e-07 500.000000 600.000000 Brem 
122 1987611 0.163460 6.309573e-08 500.000000 600.000000 Brem 
67 1993429 0.163460 3.981072e-08 500.000000 600.000000 Brem 
19 1997805 0.163460 2.511886e-08 500.000000 600.000000 Brem 
6 1998985 0.163460 1.584893e-08 500.000000 600.000000 Brem 
3 1999765 0.163460 1.000000e-08 500.000000 600.000000 Brem 
1391 1813463 0.212958 1.000000e-05 500.000000 600.000000 Brem 
5080 1234896 0.212958 6.309573e-06 500.000000 600.000000 Brem 
9867 310645 0.212958 3.981072e-06 500.000000 600.000000 Brem 
10000 161925 0.212958 2.511886e-06 500.000000 600.000000 Brem 
9961 249462 0.212958 1.584893e-06 500.000000 600.000000 Brem 
9572 488050 0.212958 1.000000e-06 500.000000 600.000000 Brem 
8292 882969 0.212958 6.309573e-07 500.000000 600.000000 Brem 
5568 1347724 0.212958 3.981072e-07 500.000000 600.000000 Brem 
2942 1684889 0.212958 2.511886e-07 500.000000 600.000000 Brem 
1333 1868120 0.212958 1.584893e-07 500.000000 600.000000 Brem 
576 1940702 0.212958 1.000000e-07 500.000000 600.000000 Brem 
221 1978902 0.212958 6.309573e-08 500.000000 600.000000 Brem 
106 1988696 0.212958 3.981072e-08 500.000000 600.000000 Brem 
33 1996284 0.212958 2.511886e-08 500.000000 600.000000 Brem 
16 1998040 0.212958 1.584893e-08 500.000000 600.000000 Brem 
3 1999746 0.212958 1.000000e-08 500.000000 600.000000 Brem 
28 1997129 0.277445 1.000000e-05 500.000000 600.000000 Brem 
1277 1834287 0.277445 6.309573e-06 500.000000 600.000000 Brem 
5218 1215287 0.277445 3.981072e-06 500.000000 600.000000 Brem 
9824 320623 0.277445 2.511886e-06 500.000000 600.000000 Brem 
10000 159638 0.277445 1.584893e-06 500.000000 600.000000 Brem 
9981 240359 0.277445 1.000000e-06 500.000000 600.000000 Brem 
9610 482415 0.277445 6.309573e-07 500.000000 600.000000 Brem 
8331 876760 0.277445 3.981072e-07 500.000000 600.000000 Brem 
5613 1342247 0.277445 2.511886e-07 500.000000 600.000000 Brem 
3046 1668685 0.277445 1.584893e-07 500.000000 600.000000 Brem 
1393 1857002 0.277445 1.000000e-07 500.000000 600.000000 Brem 
555 1944356 0.277445 6.309573e-08 500.000000 600.000000 Brem 
238 1976544 0.277445 3.981072e-08 500.000000 600.000000 Brem 
82 1991485 0.277445 2.511886e-08 500.000000 600.000000 Brem 
47 1994416 0.277445 1.584893e-08 500.000000 600.000000 Brem 
21 1997456 0.277445 1.000000e-08 500.000000 600.000000 Brem 
0 2000000 0.361459 1.000000e-05 500.000000 600.000000 Brem 
137 1985279 0.361459 6.309573e-06 500.000000 600.000000 Brem 
1975 1732328 0.361459 3.981072e-06 500.000000 600.000000 Brem 
6808 968713 0.361459 2.511886e-06 500.000000 600.000000 Brem 
9984 214190 0.361459 1.584893e-06 500.000000 600.000000 Brem 
10000 169685 0.361459 1.000000e-06 500.000000 600.000000 Brem 
9931 290296 0.361459 6.309573e-07 500.000000 600.000000 Brem 
9419 558905 0.361459 3.981072e-07 500.000000 600.000000 Brem 
7702 1008934 0.361459 2.511886e-07 500.000000 600.000000 Brem 
4843 1448629 0.361459 1.584893e-07 500.000000 600.000000 Brem 
2446 1743466 0.361459 1.000000e-07 500.000000 600.000000 Brem 
1056 1895289 0.361459 6.309573e-08 500.000000 600.000000 Brem 
444 1957690 0.361459 3.981072e-08 500.000000 600.000000 Brem 
187 1981548 0.361459 2.511886e-08 500.000000 600.000000 Brem 
80 1991551 0.361459 1.584893e-08 500.000000 600.000000 Brem 
27 1997163 0.361459 1.000000e-08 500.000000 600.000000 Brem 
0 2000000 0.470915 1.000000e-05 500.000000 600.000000 Brem 
0 2000000 0.470915 6.309573e-06 500.000000 600.000000 Brem 
596 1933194 0.470915 3.981072e-06 500.000000 600.000000 Brem 
3256 1519910 0.470915 2.511886e-06 500.000000 600.000000 Brem 
8507 652042 0.470915 1.584893e-06 500.000000 600.000000 Brem 
9999 176364 0.470915 1.000000e-06 500.000000 600.000000 Brem 
9993 193786 0.470915 6.309573e-07 500.000000 600.000000 Brem 
9832 361412 0.470915 3.981072e-07 500.000000 600.000000 Brem 
8984 694767 0.470915 2.511886e-07 500.000000 600.000000 Brem 
6746 1157491 0.470915 1.584893e-07 500.000000 600.000000 Brem 
3923 1563523 0.470915 1.000000e-07 500.000000 600.000000 Brem 
1885 1807458 0.470915 6.309573e-08 500.000000 600.000000 Brem 
837 1913138 0.470915 3.981072e-08 500.000000 600.000000 Brem 
330 1969276 0.470915 2.511886e-08 500.000000 600.000000 Brem 
125 1987474 0.470915 1.584893e-08 500.000000 600.000000 Brem 
59 1994085 0.470915 1.000000e-08 500.000000 600.000000 Brem 
0 2000000 0.613515 1.000000e-05 500.000000 600.000000 Brem 
0 2000000 0.613515 6.309573e-06 500.000000 600.000000 Brem 
2 1999872 0.613515 3.981072e-06 500.000000 600.000000 Brem 
640 1927935 0.613515 2.511886e-06 500.000000 600.000000 Brem 
4225 1389621 0.613515 1.584893e-06 500.000000 600.000000 Brem 
8782 547188 0.613515 1.000000e-06 500.000000 600.000000 Brem 
10000 173218 0.613515 6.309573e-07 500.000000 600.000000 Brem 
9994 211809 0.613515 3.981072e-07 500.000000 600.000000 Brem 
9807 398113 0.613515 2.511886e-07 500.000000 600.000000 Brem 
8734 764542 0.613515 1.584893e-07 500.000000 600.000000 Brem 
6389 1220494 0.613515 1.000000e-07 500.000000 600.000000 Brem 
3678 1598980 0.613515 6.309573e-08 500.000000 600.000000 Brem 
1770 1813833 0.613515 3.981072e-08 500.000000 600.000000 Brem 
762 1922212 0.613515 2.511886e-08 500.000000 600.000000 Brem 
308 1967663 0.613515 1.584893e-08 500.000000 600.000000 Brem 
127 1987066 0.613515 1.000000e-08 500.000000 600.000000 Brem 
0 2000000 0.799296 1.000000e-05 500.000000 600.000000 Brem 
0 2000000 0.799296 6.309573e-06 500.000000 600.000000 Brem 
0 2000000 0.799296 3.981072e-06 500.000000 600.000000 Brem 
0 2000000 0.799296 2.511886e-06 500.000000 600.000000 Brem 
39 1996542 0.799296 1.584893e-06 500.000000 600.000000 Brem 
1945 1741766 0.799296 1.000000e-06 500.000000 600.000000 Brem 
5908 1079360 0.799296 6.309573e-07 500.000000 600.000000 Brem 
9845 305831 0.799296 3.981072e-07 500.000000 600.000000 Brem 
10000 167980 0.799296 2.511886e-07 500.000000 600.000000 Brem 
9960 274489 0.799296 1.584893e-07 500.000000 600.000000 Brem 
9440 541426 0.799296 1.000000e-07 500.000000 600.000000 Brem 
7925 948170 0.799296 6.309573e-08 500.000000 600.000000 Brem 
5292 1384134 0.799296 3.981072e-08 500.000000 600.000000 Brem 
2827 1687595 0.799296 2.511886e-08 500.000000 600.000000 Brem 
1216 1876137 0.799296 1.584893e-08 500.000000 600.000000 Brem 
539 1949035 0.799296 1.000000e-08 500.000000 600.000000 Brem 
0 2000000 1.041330 1.000000e-05 500.000000 600.000000 Brem 
0 2000000 1.041330 6.309573e-06 500.000000 600.000000 Brem 
0 2000000 1.041330 3.981072e-06 500.000000 600.000000 Brem 
0 2000000 1.041330 2.511886e-06 500.000000 600.000000 Brem 
413 1956714 1.041330 1.584893e-06 500.000000 600.000000 Brem 
3394 1512278 1.041330 1.000000e-06 500.000000 600.000000 Brem 
8139 708898 1.041330 6.309573e-07 500.000000 600.000000 Brem 
9998 179535 1.041330 3.981072e-07 500.000000 600.000000 Brem 
9998 187776 1.041330 2.511886e-07 500.000000 600.000000 Brem 
9861 361172 1.041330 1.584893e-07 500.000000 600.000000 Brem 
9002 687968 1.041330 1.000000e-07 500.000000 600.000000 Brem 
6958 1126715 1.041330 6.309573e-08 500.000000 600.000000 Brem 
4109 1542749 1.041330 3.981072e-08 500.000000 600.000000 Brem 
2025 1791628 1.041330 2.511886e-08 500.000000 600.000000 Brem 
875 1914580 1.041330 1.584893e-08 500.000000 600.000000 Brem 
380 1962209 1.041330 1.000000e-08 500.000000 600.000000 Brem 
0 2000000 1.356670 1.000000e-05 500.000000 600.000000 Brem 
0 2000000 1.356670 6.309573e-06 500.000000 600.000000 Brem 
0 2000000 1.356670 3.981072e-06 500.000000 600.000000 Brem 
0 2000000 1.356670 2.511886e-06 500.000000 600.000000 Brem 
19 1998396 1.356670 1.584893e-06 500.000000 600.000000 Brem 
2030 1744123 1.356670 1.000000e-06 500.000000 600.000000 Brem 
6063 1048803 1.356670 6.309573e-07 500.000000 600.000000 Brem 
9740 322088 1.356670 3.981072e-07 500.000000 600.000000 Brem 
10000 173704 1.356670 2.511886e-07 500.000000 600.000000 Brem 
9956 275229 1.356670 1.584893e-07 500.000000 600.000000 Brem 
9447 544367 1.356670 1.000000e-07 500.000000 600.000000 Brem 
7818 950420 1.356670 6.309573e-08 500.000000 600.000000 Brem 
5219 1400481 1.356670 3.981072e-08 500.000000 600.000000 Brem 
2758 1707672 1.356670 2.511886e-08 500.000000 600.000000 Brem 
1299 1863453 1.356670 1.584893e-08 500.000000 600.000000 Brem 
542 1944832 1.356670 1.000000e-08 500.000000 600.000000 Brem 
0 2000000 1.767490 1.000000e-05 500.000000 600.000000 Brem 
0 2000000 1.767490 6.309573e-06 500.000000 600.000000 Brem 
0 2000000 1.767490 3.981072e-06 500.000000 600.000000 Brem 
0 2000000 1.767490 2.511886e-06 500.000000 600.000000 Brem 
0 2000000 1.767490 1.584893e-06 500.000000 600.000000 Brem 
48 1995326 1.767490 1.000000e-06 500.000000 600.000000 Brem 
2358 1695277 1.767490 6.309573e-07 500.000000 600.000000 Brem 
6571 962971 1.767490 3.981072e-07 500.000000 600.000000 Brem 
9888 265379 1.767490 2.511886e-07 500.000000 600.000000 Brem 
9998 174699 1.767490 1.584893e-07 500.000000 600.000000 Brem 
9944 288953 1.767490 1.000000e-07 500.000000 600.000000 Brem 
9383 574527 1.767490 6.309573e-08 500.000000 600.000000 Brem 
7584 1010506 1.767490 3.981072e-08 500.000000 600.000000 Brem 
5000 1433610 1.767490 2.511886e-08 500.000000 600.000000 Brem 
2523 1728773 1.767490 1.584893e-08 500.000000 600.000000 Brem 
1143 1882725 1.767490 1.000000e-08 500.000000 600.000000 Brem 
0 2000000 2.302710 1.000000e-05 500.000000 600.000000 Brem 
0 2000000 2.302710 6.309573e-06 500.000000 600.000000 Brem 
0 2000000 2.302710 3.981072e-06 500.000000 600.000000 Brem 
0 2000000 2.302710 2.511886e-06 500.000000 600.000000 Brem 
0 2000000 2.302710 1.584893e-06 500.000000 600.000000 Brem 
2 1999670 2.302710 1.000000e-06 500.000000 600.000000 Brem 
1018 1886372 2.302710 6.309573e-07 500.000000 600.000000 Brem 
5079 1228763 2.302710 3.981072e-07 500.000000 600.000000 Brem 
8931 494011 2.302710 2.511886e-07 500.000000 600.000000 Brem 
10000 171675 2.302710 1.584893e-07 500.000000 600.000000 Brem 
9985 232485 2.302710 1.000000e-07 500.000000 600.000000 Brem 
9719 448398 2.302710 6.309573e-08 500.000000 600.000000 Brem 
8357 835231 2.302710 3.981072e-08 500.000000 600.000000 Brem 
5918 1288491 2.302710 2.511886e-08 500.000000 600.000000 Brem 
3375 1634159 2.302710 1.584893e-08 500.000000 600.000000 Brem 
1683 1832501 2.302710 1.000000e-08 500.000000 600.000000 Brem 
0 2000000 3.000000 1.000000e-05 500.000000 600.000000 Brem 
0 2000000 3.000000 6.309573e-06 500.000000 600.000000 Brem 
0 2000000 3.000000 3.981072e-06 500.000000 600.000000 Brem 
0 2000000 3.000000 2.511886e-06 500.000000 600.000000 Brem 
0 2000000 3.000000 1.584893e-06 500.000000 600.000000 Brem 
0 2000000 3.000000 1.000000e-06 500.000000 600.000000 Brem 
41 1995554 3.000000 6.309573e-07 500.000000 600.000000 Brem 
2588 1660124 3.000000 3.981072e-07 500.000000 600.000000 Brem 
6489 958370 3.000000 2.511886e-07 500.000000 600.000000 Brem 
9872 281599 3.000000 1.584893e-07 500.000000 600.000000 Brem 
10000 173268 3.000000 1.000000e-07 500.000000 600.000000 Brem 
9940 300415 3.000000 6.309573e-08 500.000000 600.000000 Brem 
9348 579829 3.000000 3.981072e-08 500.000000 600.000000 Brem 
7545 1014378 3.000000 2.511886e-08 500.000000 600.000000 Brem 
4914 1435883 3.000000 1.584893e-08 500.000000 600.000000 Brem 
2572 1724335 3.000000 1.000000e-08 500.000000 600.000000 Brem 
0 2000000 0.001073 1.000000e-05 500.000000 600.000000 Eta 
0 2000000 0.001073 6.309573e-06 500.000000 600.000000 Eta 
0 2000000 0.001073 3.981072e-06 500.000000 600.000000 Eta 
0 2000000 0.001073 2.511886e-06 500.000000 600.000000 Eta 
0 2000000 0.001073 1.584893e-06 500.000000 600.000000 Eta 
0 2000000 0.001073 1.000000e-06 500.000000 600.000000 Eta 
0 2000000 0.001073 6.309573e-07 500.000000 600.000000 Eta 
0 2000000 0.001073 3.981072e-07 500.000000 600.000000 Eta 
0 2000000 0.001073 2.511886e-07 500.000000 600.000000 Eta 
0 2000000 0.001073 1.584893e-07 500.000000 600.000000 Eta 
0 2000000 0.001073 1.000000e-07 500.000000 600.000000 Eta 
0 2000000 0.001073 6.309573e-08 500.000000 600.000000 Eta 
0 2000000 0.001073 3.981072e-08 500.000000 600.000000 Eta 
0 2000000 0.001073 2.511886e-08 500.000000 600.000000 Eta 
0 2000000 0.001073 1.584893e-08 500.000000 600.000000 Eta 
0 2000000 0.001073 1.000000e-08 500.000000 600.000000 Eta 
0 2000000 0.001320 1.000000e-05 500.000000 600.000000 Eta 
0 2000000 0.001320 6.309573e-06 500.000000 600.000000 Eta 
0 2000000 0.001320 3.981072e-06 500.000000 600.000000 Eta 
0 2000000 0.001320 2.511886e-06 500.000000 600.000000 Eta 
0 2000000 0.001320 1.584893e-06 500.000000 600.000000 Eta 
0 2000000 0.001320 1.000000e-06 500.000000 600.000000 Eta 
0 2000000 0.001320 6.309573e-07 500.000000 600.000000 Eta 
0 2000000 0.001320 3.981072e-07 500.000000 600.000000 Eta 
0 2000000 0.001320 2.511886e-07 500.000000 600.000000 Eta 
0 2000000 0.001320 1.584893e-07 500.000000 600.000000 Eta 
0 2000000 0.001320 1.000000e-07 500.000000 600.000000 Eta 
0 2000000 0.001320 6.309573e-08 500.000000 600.000000 Eta 
0 2000000 0.001320 3.981072e-08 500.000000 600.000000 Eta 
0 2000000 0.001320 2.511886e-08 500.000000 600.000000 Eta 
0 2000000 0.001320 1.584893e-08 500.000000 600.000000 Eta 
0 2000000 0.001320 1.000000e-08 500.000000 600.000000 Eta 
0 2000000 0.001625 1.000000e-05 500.000000 600.000000 Eta 
0 2000000 0.001625 6.309573e-06 500.000000 600.000000 Eta 
0 2000000 0.001625 3.981072e-06 500.000000 600.000000 Eta 
0 2000000 0.001625 2.511886e-06 500.000000 600.000000 Eta 
0 2000000 0.001625 1.584893e-06 500.000000 600.000000 Eta 
0 2000000 0.001625 1.000000e-06 500.000000 600.000000 Eta 
0 2000000 0.001625 6.309573e-07 500.000000 600.000000 Eta 
0 2000000 0.001625 3.981072e-07 500.000000 600.000000 Eta 
0 2000000 0.001625 2.511886e-07 500.000000 600.000000 Eta 
0 2000000 0.001625 1.584893e-07 500.000000 600.000000 Eta 
0 2000000 0.001625 1.000000e-07 500.000000 600.000000 Eta 
0 2000000 0.001625 6.309573e-08 500.000000 600.000000 Eta 
0 2000000 0.001625 3.981072e-08 500.000000 600.000000 Eta 
0 2000000 0.001625 2.511886e-08 500.000000 600.000000 Eta 
0 2000000 0.001625 1.584893e-08 500.000000 600.000000 Eta 
0 2000000 0.001625 1.000000e-08 500.000000 600.000000 Eta 
0 2000000 0.001999 1.000000e-05 500.000000 600.000000 Eta 
0 2000000 0.001999 6.309573e-06 500.000000 600.000000 Eta 
0 2000000 0.001999 3.981072e-06 500.000000 600.000000 Eta 
0 2000000 0.001999 2.511886e-06 500.000000 600.000000 Eta 
0 2000000 0.001999 1.584893e-06 500.000000 600.000000 Eta 
0 2000000 0.001999 1.000000e-06 500.000000 600.000000 Eta 
0 2000000 0.001999 6.309573e-07 500.000000 600.000000 Eta 
0 2000000 0.001999 3.981072e-07 500.000000 600.000000 Eta 
0 2000000 0.001999 2.511886e-07 500.000000 600.000000 Eta 
0 2000000 0.001999 1.584893e-07 500.000000 600.000000 Eta 
0 2000000 0.001999 1.000000e-07 500.000000 600.000000 Eta 
0 2000000 0.001999 6.309573e-08 500.000000 600.000000 Eta 
0 2000000 0.001999 3.981072e-08 500.000000 600.000000 Eta 
0 2000000 0.001999 2.511886e-08 500.000000 600.000000 Eta 
0 2000000 0.001999 1.584893e-08 500.000000 600.000000 Eta 
0 2000000 0.001999 1.000000e-08 500.000000 600.000000 Eta 
0 2000000 0.002460 1.000000e-05 500.000000 600.000000 Eta 
0 2000000 0.002460 6.309573e-06 500.000000 600.000000 Eta 
0 2000000 0.002460 3.981072e-06 500.000000 600.000000 Eta 
0 2000000 0.002460 2.511886e-06 500.000000 600.000000 Eta 
0 2000000 0.002460 1.584893e-06 500.000000 600.000000 Eta 
0 2000000 0.002460 1.000000e-06 500.000000 600.000000 Eta 
0 2000000 0.002460 6.309573e-07 500.000000 600.000000 Eta 
0 2000000 0.002460 3.981072e-07 500.000000 600.000000 Eta 
0 2000000 0.002460 2.511886e-07 500.000000 600.000000 Eta 
0 2000000 0.002460 1.584893e-07 500.000000 600.000000 Eta 
0 2000000 0.002460 1.000000e-07 500.000000 600.000000 Eta 
0 2000000 0.002460 6.309573e-08 500.000000 600.000000 Eta 
0 2000000 0.002460 3.981072e-08 500.000000 600.000000 Eta 
0 2000000 0.002460 2.511886e-08 500.000000 600.000000 Eta 
0 2000000 0.002460 1.584893e-08 500.000000 600.000000 Eta 
0 2000000 0.002460 1.000000e-08 500.000000 600.000000 Eta 
0 2000000 0.003026 1.000000e-05 500.000000 600.000000 Eta 
0 2000000 0.003026 6.309573e-06 500.000000 600.000000 Eta 
0 2000000 0.003026 3.981072e-06 500.000000 600.000000 Eta 
0 2000000 0.003026 2.511886e-06 500.000000 600.000000 Eta 
0 2000000 0.003026 1.584893e-06 500.000000 600.000000 Eta 
0 2000000 0.003026 1.000000e-06 500.000000 600.000000 Eta 
0 2000000 0.003026 6.309573e-07 500.000000 600.000000 Eta 
0 2000000 0.003026 3.981072e-07 500.000000 600.000000 Eta 
0 2000000 0.003026 2.511886e-07 500.000000 600.000000 Eta 
0 2000000 0.003026 1.584893e-07 500.000000 600.000000 Eta 
0 2000000 0.003026 1.000000e-07 500.000000 600.000000 Eta 
0 2000000 0.003026 6.309573e-08 500.000000 600.000000 Eta 
0 2000000 0.003026 3.981072e-08 500.000000 600.000000 Eta 
0 2000000 0.003026 2.511886e-08 500.000000 600.000000 Eta 
0 2000000 0.003026 1.584893e-08 500.000000 600.000000 Eta 
0 2000000 0.003026 1.000000e-08 500.000000 600.000000 Eta 
0 2000000 0.003724 1.000000e-05 500.000000 600.000000 Eta 
0 2000000 0.003724 6.309573e-06 500.000000 600.000000 Eta 
0 2000000 0.003724 3.981072e-06 500.000000 600.000000 Eta 
0 2000000 0.003724 2.511886e-06 500.000000 600.000000 Eta 
0 2000000 0.003724 1.584893e-06 500.000000 600.000000 Eta 
0 2000000 0.003724 1.000000e-06 500.000000 600.000000 Eta 
0 2000000 0.003724 6.309573e-07 500.000000 600.000000 Eta 
0 2000000 0.003724 3.981072e-07 500.000000 600.000000 Eta 
0 2000000 0.003724 2.511886e-07 500.000000 600.000000 Eta 
0 2000000 0.003724 1.584893e-07 500.000000 600.000000 Eta 
0 2000000 0.003724 1.000000e-07 500.000000 600.000000 Eta 
0 2000000 0.003724 6.309573e-08 500.000000 600.000000 Eta 
0 2000000 0.003724 3.981072e-08 500.000000 600.000000 Eta 
0 2000000 0.003724 2.511886e-08 500.000000 600.000000 Eta 
0 2000000 0.003724 1.584893e-08 500.000000 600.000000 Eta 
0 2000000 0.003724 1.000000e-08 500.000000 600.000000 Eta 
0 2000000 0.004582 1.000000e-05 500.000000 600.000000 Eta 
0 2000000 0.004582 6.309573e-06 500.000000 600.000000 Eta 
0 2000000 0.004582 3.981072e-06 500.000000 600.000000 Eta 
0 2000000 0.004582 2.511886e-06 500.000000 600.000000 Eta 
0 2000000 0.004582 1.584893e-06 500.000000 600.000000 Eta 
0 2000000 0.004582 1.000000e-06 500.000000 600.000000 Eta 
0 2000000 0.004582 6.309573e-07 500.000000 600.000000 Eta 
0 2000000 0.004582 3.981072e-07 500.000000 600.000000 Eta 
0 2000000 0.004582 2.511886e-07 500.000000 600.000000 Eta 
0 2000000 0.004582 1.584893e-07 500.000000 600.000000 Eta 
0 2000000 0.004582 1.000000e-07 500.000000 600.000000 Eta 
0 2000000 0.004582 6.309573e-08 500.000000 600.000000 Eta 
0 2000000 0.004582 3.981072e-08 500.000000 600.000000 Eta 
0 2000000 0.004582 2.511886e-08 500.000000 600.000000 Eta 
0 2000000 0.004582 1.584893e-08 500.000000 600.000000 Eta 
0 2000000 0.004582 1.000000e-08 500.000000 600.000000 Eta 
0 2000000 0.005638 1.000000e-05 500.000000 600.000000 Eta 
0 2000000 0.005638 6.309573e-06 500.000000 600.000000 Eta 
0 2000000 0.005638 3.981072e-06 500.000000 600.000000 Eta 
0 2000000 0.005638 2.511886e-06 500.000000 600.000000 Eta 
0 2000000 0.005638 1.584893e-06 500.000000 600.000000 Eta 
0 2000000 0.005638 1.000000e-06 500.000000 600.000000 Eta 
0 2000000 0.005638 6.309573e-07 500.000000 600.000000 Eta 
0 2000000 0.005638 3.981072e-07 500.000000 600.000000 Eta 
0 2000000 0.005638 2.511886e-07 500.000000 600.000000 Eta 
0 2000000 0.005638 1.584893e-07 500.000000 600.000000 Eta 
0 2000000 0.005638 1.000000e-07 500.000000 600.000000 Eta 
0 2000000 0.005638 6.309573e-08 500.000000 600.000000 Eta 
0 2000000 0.005638 3.981072e-08 500.000000 600.000000 Eta 
0 2000000 0.005638 2.511886e-08 500.000000 600.000000 Eta 
0 2000000 0.005638 1.584893e-08 500.000000 600.000000 Eta 
0 2000000 0.005638 1.000000e-08 500.000000 600.000000 Eta 
0 2000000 0.006937 1.000000e-05 500.000000 600.000000 Eta 
0 2000000 0.006937 6.309573e-06 500.000000 600.000000 Eta 
0 2000000 0.006937 3.981072e-06 500.000000 600.000000 Eta 
0 2000000 0.006937 2.511886e-06 500.000000 600.000000 Eta 
0 2000000 0.006937 1.584893e-06 500.000000 600.000000 Eta 
0 2000000 0.006937 1.000000e-06 500.000000 600.000000 Eta 
0 2000000 0.006937 6.309573e-07 500.000000 600.000000 Eta 
0 2000000 0.006937 3.981072e-07 500.000000 600.000000 Eta 
0 2000000 0.006937 2.511886e-07 500.000000 600.000000 Eta 
0 2000000 0.006937 1.584893e-07 500.000000 600.000000 Eta 
0 2000000 0.006937 1.000000e-07 500.000000 600.000000 Eta 
0 2000000 0.006937 6.309573e-08 500.000000 600.000000 Eta 
0 2000000 0.006937 3.981072e-08 500.000000 600.000000 Eta 
0 2000000 0.006937 2.511886e-08 500.000000 600.000000 Eta 
0 2000000 0.006937 1.584893e-08 500.000000 600.000000 Eta 
0 2000000 0.006937 1.000000e-08 500.000000 600.000000 Eta 
0 2000000 0.008535 1.000000e-05 500.000000 600.000000 Eta 
0 2000000 0.008535 6.309573e-06 500.000000 600.000000 Eta 
0 2000000 0.008535 3.981072e-06 500.000000 600.000000 Eta 
0 2000000 0.008535 2.511886e-06 500.000000 600.000000 Eta 
0 2000000 0.008535 1.584893e-06 500.000000 600.000000 Eta 
0 2000000 0.008535 1.000000e-06 500.000000 600.000000 Eta 
0 2000000 0.008535 6.309573e-07 500.000000 600.000000 Eta 
0 2000000 0.008535 3.981072e-07 500.000000 600.000000 Eta 
0 2000000 0.008535 2.511886e-07 500.000000 600.000000 Eta 
0 2000000 0.008535 1.584893e-07 500.000000 600.000000 Eta 
0 2000000 0.008535 1.000000e-07 500.000000 600.000000 Eta 
0 2000000 0.008535 6.309573e-08 500.000000 600.000000 Eta 
0 2000000 0.008535 3.981072e-08 500.000000 600.000000 Eta 
0 2000000 0.008535 2.511886e-08 500.000000 600.000000 Eta 
0 2000000 0.008535 1.584893e-08 500.000000 600.000000 Eta 
0 2000000 0.008535 1.000000e-08 500.000000 600.000000 Eta 
8251 730228 0.010502 1.000000e-05 500.000000 600.000000 Eta 
6842 1027307 0.010502 6.309573e-06 500.000000 600.000000 Eta 
5030 1333229 0.010502 3.981072e-06 500.000000 600.000000 Eta 
3352 1584149 0.010502 2.511886e-06 500.000000 600.000000 Eta 
1987 1760421 0.010502 1.584893e-06 500.000000 600.000000 Eta 
1090 1872948 0.010502 1.000000e-06 500.000000 600.000000 Eta 
577 1935102 0.010502 6.309573e-07 500.000000 600.000000 Eta 
282 1970573 0.010502 3.981072e-07 500.000000 600.000000 Eta 
123 1986393 0.010502 2.511886e-07 500.000000 600.000000 Eta 
57 1993748 0.010502 1.584893e-07 500.000000 600.000000 Eta 
26 1997856 0.010502 1.000000e-07 500.000000 600.000000 Eta 
16 1998640 0.010502 6.309573e-08 500.000000 600.000000 Eta 
3 1999849 0.010502 3.981072e-08 500.000000 600.000000 Eta 
2 1999795 0.010502 2.511886e-08 500.000000 600.000000 Eta 
2 1999854 0.010502 1.584893e-08 500.000000 600.000000 Eta 
0 2000000 0.010502 1.000000e-08 500.000000 600.000000 Eta 
9032 489798 0.012922 1.000000e-05 500.000000 600.000000 Eta 
8682 634565 0.012922 6.309573e-06 500.000000 600.000000 Eta 
7375 922262 0.012922 3.981072e-06 500.000000 600.000000 Eta 
5624 1242466 0.012922 2.511886e-06 500.000000 600.000000 Eta 
3825 1516938 0.012922 1.584893e-06 500.000000 600.000000 Eta 
2347 1723739 0.012922 1.000000e-06 500.000000 600.000000 Eta 
1246 1858619 0.012922 6.309573e-07 500.000000 600.000000 Eta 
607 1934628 0.012922 3.981072e-07 500.000000 600.000000 Eta 
299 1969794 0.012922 2.511886e-07 500.000000 600.000000 Eta 
133 1987323 0.012922 1.584893e-07 500.000000 600.000000 Eta 
65 1993438 0.012922 1.000000e-07 500.000000 600.000000 Eta 
14 1998428 0.012922 6.309573e-08 500.000000 600.000000 Eta 
13 1998927 0.012922 3.981072e-08 500.000000 600.000000 Eta 
1 1999878 0.012922 2.511886e-08 500.000000 600.000000 Eta 
2 1999671 0.012922 1.584893e-08 500.000000 600.000000 Eta 
4 1999675 0.012922 1.000000e-08 500.000000 600.000000 Eta 
9078 451387 0.015900 1.000000e-05 500.000000 600.000000 Eta 
9171 504728 0.015900 6.309573e-06 500.000000 600.000000 Eta 
8160 750925 0.015900 3.981072e-06 500.000000 600.000000 Eta 
6696 1066091 0.015900 2.511886e-06 500.000000 600.000000 Eta 
4781 1378875 0.015900 1.584893e-06 500.000000 600.000000 Eta 
3060 1630125 0.015900 1.000000e-06 500.000000 600.000000 Eta 
1714 1801341 0.015900 6.309573e-07 500.000000 600.000000 Eta 
906 1899135 0.015900 3.981072e-07 500.000000 600.000000 Eta 
444 1951089 0.015900 2.511886e-07 500.000000 600.000000 Eta 
208 1976896 0.015900 1.584893e-07 500.000000 600.000000 Eta 
105 1989749 0.015900 1.000000e-07 500.000000 600.000000 Eta 
43 1995879 0.015900 6.309573e-08 500.000000 600.000000 Eta 
19 1998012 0.015900 3.981072e-08 500.000000 600.000000 Eta 
6 1999466 0.015900 2.511886e-08 500.000000 600.000000 Eta 
3 1999715 0.015900 1.584893e-08 500.000000 600.000000 Eta 
0 2000000 0.015900 1.000000e-08 500.000000 600.000000 Eta 
8481 530387 0.019564 1.000000e-05 500.000000 600.000000 Eta 
8870 498940 0.019564 6.309573e-06 500.000000 600.000000 Eta 
8532 650050 0.019564 3.981072e-06 500.000000 600.000000 Eta 
7443 912397 0.019564 2.511886e-06 500.000000 600.000000 Eta 
5697 1229709 0.019564 1.584893e-06 500.000000 600.000000 Eta 
3899 1507702 0.019564 1.000000e-06 500.000000 600.000000 Eta 
2438 1709373 0.019564 6.309573e-07 500.000000 600.000000 Eta 
1407 1833504 0.019564 3.981072e-07 500.000000 600.000000 Eta 
692 1918722 0.019564 2.511886e-07 500.000000 600.000000 Eta 
344 1962151 0.019564 1.584893e-07 500.000000 600.000000 Eta 
189 1979058 0.019564 1.000000e-07 500.000000 600.000000 Eta 
108 1988966 0.019564 6.309573e-08 500.000000 600.000000 Eta 
38 1996351 0.019564 3.981072e-08 500.000000 600.000000 Eta 
10 1999271 0.019564 2.511886e-08 500.000000 600.000000 Eta 
10 1998788 0.019564 1.584893e-08 500.000000 600.000000 Eta 
2 1999768 0.019564 1.000000e-08 500.000000 600.000000 Eta 
8157 585392 0.024072 1.000000e-05 500.000000 600.000000 Eta 
9179 410329 0.024072 6.309573e-06 500.000000 600.000000 Eta 
9147 489543 0.024072 3.981072e-06 500.000000 600.000000 Eta 
8484 701729 0.024072 2.511886e-06 500.000000 600.000000 Eta 
6955 1020423 0.024072 1.584893e-06 500.000000 600.000000 Eta 
4893 1370442 0.024072 1.000000e-06 500.000000 600.000000 Eta 
3083 1628234 0.024072 6.309573e-07 500.000000 600.000000 Eta 
1773 1793672 0.024072 3.981072e-07 500.000000 600.000000 Eta 
927 1898606 0.024072 2.511886e-07 500.000000 600.000000 Eta 
414 1956190 0.024072 1.584893e-07 500.000000 600.000000 Eta 
180 1981789 0.024072 1.000000e-07 500.000000 600.000000 Eta 
76 1992206 0.024072 6.309573e-08 500.000000 600.000000 Eta 
28 1997149 0.024072 3.981072e-08 500.000000 600.000000 Eta 
11 1998965 0.024072 2.511886e-08 500.000000 600.000000 Eta 
3 1999606 0.024072 1.584893e-08 500.000000 600.000000 Eta 
3 1999712 0.024072 1.000000e-08 500.000000 600.000000 Eta 
7587 693805 0.029619 1.000000e-05 500.000000 600.000000 Eta 
8934 442584 0.029619 6.309573e-06 500.000000 600.000000 Eta 
9137 456043 0.029619 3.981072e-06 500.000000 600.000000 Eta 
8704 643263 0.029619 2.511886e-06 500.000000 600.000000 Eta 
7420 932499 0.029619 1.584893e-06 500.000000 600.000000 Eta 
5542 1263303 0.029619 1.000000e-06 500.000000 600.000000 Eta 
3621 1552493 0.029619 6.309573e-07 500.000000 600.000000 Eta 
2096 1753374 0.029619 3.981072e-07 500.000000 600.000000 Eta 
1133 1870314 0.029619 2.511886e-07 500.000000 600.000000 Eta 
551 1939816 0.029619 1.584893e-07 500.000000 600.000000 Eta 
235 1975573 0.029619 1.000000e-07 500.000000 600.000000 Eta 
134 1986285 0.029619 6.309573e-08 500.000000 600.000000 Eta 
47 1995028 0.029619 3.981072e-08 500.000000 600.000000 Eta 
18 1998446 0.029619 2.511886e-08 500.000000 600.000000 Eta 
8 1999179 0.029619 1.584893e-08 500.000000 600.000000 Eta 
4 1999800 0.029619 1.000000e-08 500.000000 600.000000 Eta 
6314 942051 0.036445 1.000000e-05 500.000000 600.000000 Eta 
8102 587469 0.036445 6.309573e-06 500.000000 600.000000 Eta 
8868 474510 0.036445 3.981072e-06 500.000000 600.000000 Eta 
8921 549109 0.036445 2.511886e-06 500.000000 600.000000 Eta 
8156 768003 0.036445 1.584893e-06 500.000000 600.000000 Eta 
6531 1091073 0.036445 1.000000e-06 500.000000 600.000000 Eta 
4596 1393008 0.036445 6.309573e-07 500.000000 600.000000 Eta 
2913 1643441 0.036445 3.981072e-07 500.000000 600.000000 Eta 
1604 1812782 0.036445 2.511886e-07 500.000000 600.000000 Eta 
842 1909379 0.036445 1.584893e-07 500.000000 600.000000 Eta 
407 1957950 0.036445 1.000000e-07 500.000000 600.000000 Eta 
176 1982674 0.036445 6.309573e-08 500.000000 600.000000 Eta 
72 1992859 0.036445 3.981072e-08 500.000000 600.000000 Eta 
31 1996949 0.036445 2.511886e-08 500.000000 600.000000 Eta 
10 1999047 0.036445 1.584893e-08 500.000000 600.000000 Eta 
1 1999909 0.036445 1.000000e-08 500.000000 600.000000 Eta 
5365 1119984 0.044843 1.000000e-05 500.000000 600.000000 Eta 
7316 728894 0.044843 6.309573e-06 500.000000 600.000000 Eta 
8327 554527 0.044843 3.981072e-06 500.000000 600.000000 Eta 
8948 523785 0.044843 2.511886e-06 500.000000 600.000000 Eta 
8544 671766 0.044843 1.584893e-06 500.000000 600.000000 Eta 
7271 945007 0.044843 1.000000e-06 500.000000 600.000000 Eta 
5501 1256876 0.044843 6.309573e-07 500.000000 600.000000 Eta 
3715 1520276 0.044843 3.981072e-07 500.000000 600.000000 Eta 
2305 1718480 0.044843 2.511886e-07 500.000000 600.000000 Eta 
1328 1846532 0.044843 1.584893e-07 500.000000 600.000000 Eta 
692 1924912 0.044843 1.000000e-07 500.000000 600.000000 Eta 
395 1957172 0.044843 6.309573e-08 500.000000 600.000000 Eta 
191 1978459 0.044843 3.981072e-08 500.000000 600.000000 Eta 
82 1989979 0.044843 2.511886e-08 500.000000 600.000000 Eta 
44 1994649 0.044843 1.584893e-08 500.000000 600.000000 Eta 
30 1996537 0.044843 1.000000e-08 500.000000 600.000000 Eta 
4247 1312207 0.055176 1.000000e-05 500.000000 600.000000 Eta 
6653 870547 0.055176 6.309573e-06 500.000000 600.000000 Eta 
8585 510557 0.055176 3.981072e-06 500.000000 600.000000 Eta 
9097 442406 0.055176 2.511886e-06 500.000000 600.000000 Eta 
9062 541013 0.055176 1.584893e-06 500.000000 600.000000 Eta 
8030 793136 0.055176 1.000000e-06 500.000000 600.000000 Eta 
6259 1143032 0.055176 6.309573e-07 500.000000 600.000000 Eta 
4282 1455573 0.055176 3.981072e-07 500.000000 600.000000 Eta 
2666 1679979 0.055176 2.511886e-07 500.000000 600.000000 Eta 
1497 1832548 0.055176 1.584893e-07 500.000000 600.000000 Eta 
697 1925549 0.055176 1.000000e-07 500.000000 600.000000 Eta 
323 1966610 0.055176 6.309573e-08 500.000000 600.000000 Eta 
120 1987793 0.055176 3.981072e-08 500.000000 600.000000 Eta 
55 1994936 0.055176 2.511886e-08 500.000000 600.000000 Eta 
20 1998064 0.055176 1.584893e-08 500.000000 600.000000 Eta 
14 1998271 0.055176 1.000000e-08 500.000000 600.000000 Eta 
2930 1543242 0.067891 1.000000e-05 500.000000 600.000000 Eta 
5435 1093443 0.067891 6.309573e-06 500.000000 600.000000 Eta 
7472 703560 0.067891 3.981072e-06 500.000000 600.000000 Eta 
8830 480227 0.067891 2.511886e-06 500.000000 600.000000 Eta 
9327 445717 0.067891 1.584893e-06 500.000000 600.000000 Eta 
8731 634797 0.067891 1.000000e-06 500.000000 600.000000 Eta 
7330 939416 0.067891 6.309573e-07 500.000000 600.000000 Eta 
5528 1267072 0.067891 3.981072e-07 500.000000 600.000000 Eta 
3595 1555216 0.067891 2.511886e-07 500.000000 600.000000 Eta 
2131 1755348 0.067891 1.584893e-07 500.000000 600.000000 Eta 
1073 1881525 0.067891 1.000000e-07 500.000000 600.000000 Eta 
502 1949034 0.067891 6.309573e-08 500.000000 600.000000 Eta 
232 1975621 0.067891 3.981072e-08 500.000000 600.000000 Eta 
99 1990893 0.067891 2.511886e-08 500.000000 600.000000 Eta 
32 1996755 0.067891 1.584893e-08 500.000000 600.000000 Eta 
19 1998290 0.067891 1.000000e-08 500.000000 600.000000 Eta 
2134 1679514 0.083535 1.000000e-05 500.000000 600.000000 Eta 
4476 1278423 0.083535 6.309573e-06 500.000000 600.000000 Eta 
6906 815112 0.083535 3.981072e-06 500.000000 600.000000 Eta 
8376 539929 0.083535 2.511886e-06 500.000000 600.000000 Eta 
9114 452533 0.083535 1.584893e-06 500.000000 600.000000 Eta 
8923 578609 0.083535 1.000000e-06 500.000000 600.000000 Eta 
7854 843129 0.083535 6.309573e-07 500.000000 600.000000 Eta 
6113 1168226 0.083535 3.981072e-07 500.000000 600.000000 Eta 
4171 1469870 0.083535 2.511886e-07 500.000000 600.000000 Eta 
2573 1692329 0.083535 1.584893e-07 500.000000 600.000000 Eta 
1454 1835014 0.083535 1.000000e-07 500.000000 600.000000 Eta 
734 1919180 0.083535 6.309573e-08 500.000000 600.000000 Eta 
342 1964944 0.083535 3.981072e-08 500.000000 600.000000 Eta 
160 1984029 0.083535 2.511886e-08 500.000000 600.000000 Eta 
50 1995150 0.083535 1.584893e-08 500.000000 600.000000 Eta 
24 1998006 0.083535 1.000000e-08 500.000000 600.000000 Eta 
1431 1796077 0.102784 1.000000e-05 500.000000 600.000000 Eta 
3445 1452811 0.102784 6.309573e-06 500.000000 600.000000 Eta 
6305 952063 0.102784 3.981072e-06 500.000000 600.000000 Eta 
8121 584369 0.102784 2.511886e-06 500.000000 600.000000 Eta 
9134 425934 0.102784 1.584893e-06 500.000000 600.000000 Eta 
9221 484107 0.102784 1.000000e-06 500.000000 600.000000 Eta 
8349 723354 0.102784 6.309573e-07 500.000000 600.000000 Eta 
6718 1062043 0.102784 3.981072e-07 500.000000 600.000000 Eta 
4854 1378071 0.102784 2.511886e-07 500.000000 600.000000 Eta 
2919 1655496 0.102784 1.584893e-07 500.000000 600.000000 Eta 
1633 1813533 0.102784 1.000000e-07 500.000000 600.000000 Eta 
812 1909136 0.102784 6.309573e-08 500.000000 600.000000 Eta 
427 1953776 0.102784 3.981072e-08 500.000000 600.000000 Eta 
212 1977099 0.102784 2.511886e-08 500.000000 600.000000 Eta 
102 1989027 0.102784 1.584893e-08 500.000000 600.000000 Eta 
43 1996149 0.102784 1.000000e-08 500.000000 600.000000 Eta 
854 1881462 0.126469 1.000000e-05 500.000000 600.000000 Eta 
2709 1582200 0.126469 6.309573e-06 500.000000 600.000000 Eta 
5174 1141391 0.126469 3.981072e-06 500.000000 600.000000 Eta 
7479 716296 0.126469 2.511886e-06 500.000000 600.000000 Eta 
8985 442098 0.126469 1.584893e-06 500.000000 600.000000 Eta 
9436 410583 0.126469 1.000000e-06 500.000000 600.000000 Eta 
8815 606595 0.126469 6.309573e-07 500.000000 600.000000 Eta 
7537 909520 0.126469 3.981072e-07 500.000000 600.000000 Eta 
5662 1260709 0.126469 2.511886e-07 500.000000 600.000000 Eta 
3726 1544973 0.126469 1.584893e-07 500.000000 600.000000 Eta 
2143 1754916 0.126469 1.000000e-07 500.000000 600.000000 Eta 
1043 1885407 0.126469 6.309573e-08 500.000000 600.000000 Eta 
509 1946520 0.126469 3.981072e-08 500.000000 600.000000 Eta 
233 1975959 0.126469 2.511886e-08 500.000000 600.000000 Eta 
118 1988289 0.126469 1.584893e-08 500.000000 600.000000 Eta 
39 1995949 0.126469 1.000000e-08 500.000000 600.000000 Eta 
427 1944386 0.155612 1.000000e-05 500.000000 600.000000 Eta 
1664 1749029 0.155612 6.309573e-06 500.000000 600.000000 Eta 
3911 1377400 0.155612 3.981072e-06 500.000000 600.000000 Eta 
6648 886063 0.155612 2.511886e-06 500.000000 600.000000 Eta 
8504 517023 0.155612 1.584893e-06 500.000000 600.000000 Eta 
9344 396124 0.155612 1.000000e-06 500.000000 600.000000 Eta 
9277 479682 0.155612 6.309573e-07 500.000000 600.000000 Eta 
8341 749098 0.155612 3.981072e-07 500.000000 600.000000 Eta 
6647 1090209 0.155612 2.511886e-07 500.000000 600.000000 Eta 
4579 1423057 0.155612 1.584893e-07 500.000000 600.000000 Eta 
2725 1683966 0.155612 1.000000e-07 500.000000 600.000000 Eta 
1497 1832146 0.155612 6.309573e-08 500.000000 600.000000 Eta 
781 1916937 0.155612 3.981072e-08 500.000000 600.000000 Eta 
328 1964625 0.155612 2.511886e-08 500.000000 600.000000 Eta 
135 1986065 0.155612 1.584893e-08 500.000000 600.000000 Eta 
69 1992549 0.155612 1.000000e-08 500.000000 600.000000 Eta 
146 1981006 0.191470 1.000000e-05 500.000000 600.000000 Eta 
1046 1848371 0.191470 6.309573e-06 500.000000 600.000000 Eta 
3034 1525138 0.191470 3.981072e-06 500.000000 600.000000 Eta 
5629 1071332 0.191470 2.511886e-06 500.000000 600.000000 Eta 
7918 639178 0.191470 1.584893e-06 500.000000 600.000000 Eta 
9337 381668 0.191470 1.000000e-06 500.000000 600.000000 Eta 
9492 402635 0.191470 6.309573e-07 500.000000 600.000000 Eta 
8759 633256 0.191470 3.981072e-07 500.000000 600.000000 Eta 
7284 969399 0.191470 2.511886e-07 500.000000 600.000000 Eta 
5333 1318192 0.191470 1.584893e-07 500.000000 600.000000 Eta 
3331 1606966 0.191470 1.000000e-07 500.000000 600.000000 Eta 
1757 1811443 0.191470 6.309573e-08 500.000000 600.000000 Eta 
865 1909422 0.191470 3.981072e-08 500.000000 600.000000 Eta 
376 1961363 0.191470 2.511886e-08 500.000000 600.000000 Eta 
164 1984849 0.191470 1.584893e-08 500.000000 600.000000 Eta 
53 1995674 0.191470 1.000000e-08 500.000000 600.000000 Eta 
1 1999824 0.235592 1.000000e-05 500.000000 600.000000 Eta 
153 1981961 0.235592 6.309573e-06 500.000000 600.000000 Eta 
1127 1838538 0.235592 3.981072e-06 500.000000 600.000000 Eta 
3039 1524136 0.235592 2.511886e-06 500.000000 600.000000 Eta 
6072 1004531 0.235592 1.584893e-06 500.000000 600.000000 Eta 
8119 585744 0.235592 1.000000e-06 500.000000 600.000000 Eta 
9385 376719 0.235592 6.309573e-07 500.000000 600.000000 Eta 
9419 416491 0.235592 3.981072e-07 500.000000 600.000000 Eta 
8673 663884 0.235592 2.511886e-07 500.000000 600.000000 Eta 
7132 1001418 0.235592 1.584893e-07 500.000000 600.000000 Eta 
5095 1349674 0.235592 1.000000e-07 500.000000 600.000000 Eta 
3164 1631953 0.235592 6.309573e-08 500.000000 600.000000 Eta 
1751 1810319 0.235592 3.981072e-08 500.000000 600.000000 Eta 
839 1909352 0.235592 2.511886e-08 500.000000 600.000000 Eta 
388 1958845 0.235592 1.584893e-08 500.000000 600.000000 Eta 
169 1983992 0.235592 1.000000e-08 500.000000 600.000000 Eta 
0 2000000 0.289880 1.000000e-05 500.000000 600.000000 Eta 
8 1998904 0.289880 6.309573e-06 500.000000 600.000000 Eta 
332 1958955 0.289880 3.981072e-06 500.000000 600.000000 Eta 
1836 1733881 0.289880 2.511886e-06 500.000000 600.000000 Eta 
4422 1282984 0.289880 1.584893e-06 500.000000 600.000000 Eta 
7064 805942 0.289880 1.000000e-06 500.000000 600.000000 Eta 
8899 439952 0.289880 6.309573e-07 500.000000 600.000000 Eta 
9629 342147 0.289880 3.981072e-07 500.000000 600.000000 Eta 
9324 485948 0.289880 2.511886e-07 500.000000 600.000000 Eta 
8186 784898 0.289880 1.584893e-07 500.000000 600.000000 Eta 
6387 1145755 0.289880 1.000000e-07 500.000000 600.000000 Eta 
4292 1477561 0.289880 6.309573e-08 500.000000 600.000000 Eta 
2482 1717489 0.289880 3.981072e-08 500.000000 600.000000 Eta 
1254 1863202 0.289880 2.511886e-08 500.000000 600.000000 Eta 
605 1936859 0.289880 1.584893e-08 500.000000 600.000000 Eta 
277 1972610 0.289880 1.000000e-08 500.000000 600.000000 Eta 
0 2000000 0.356678 1.000000e-05 500.000000 600.000000 Eta 
5 1999467 0.356678 6.309573e-06 500.000000 600.000000 Eta 
146 1982234 0.356678 3.981072e-06 500.000000 600.000000 Eta 
1044 1854937 0.356678 2.511886e-06 500.000000 600.000000 Eta 
3291 1499393 0.356678 1.584893e-06 500.000000 600.000000 Eta 
6209 958556 0.356678 1.000000e-06 500.000000 600.000000 Eta 
8373 536338 0.356678 6.309573e-07 500.000000 600.000000 Eta 
9344 369425 0.356678 3.981072e-07 500.000000 600.000000 Eta 
9377 444070 0.356678 2.511886e-07 500.000000 600.000000 Eta 
8644 674481 0.356678 1.584893e-07 500.000000 600.000000 Eta 
6990 1033128 0.356678 1.000000e-07 500.000000 600.000000 Eta 
4890 1380727 0.356678 6.309573e-08 500.000000 600.000000 Eta 
3031 1643269 0.356678 3.981072e-08 500.000000 600.000000 Eta 
1649 1813451 0.356678 2.511886e-08 500.000000 600.000000 Eta 
834 1906042 0.356678 1.584893e-08 500.000000 600.000000 Eta 
417 1952169 0.356678 1.000000e-08 500.000000 600.000000 Eta 
0 2000000 0.438869 1.000000e-05 500.000000 600.000000 Eta 
0 2000000 0.438869 6.309573e-06 500.000000 600.000000 Eta 
7 1999275 0.438869 3.981072e-06 500.000000 600.000000 Eta 
519 1932489 0.438869 2.511886e-06 500.000000 600.000000 Eta 
2234 1671363 0.438869 1.584893e-06 500.000000 600.000000 Eta 
5315 1138888 0.438869 1.000000e-06 500.000000 600.000000 Eta 
7872 639147 0.438869 6.309573e-07 500.000000 600.000000 Eta 
9221 379467 0.438869 3.981072e-07 500.000000 600.000000 Eta 
9618 359368 0.438869 2.511886e-07 500.000000 600.000000 Eta 
9253 543141 0.438869 1.584893e-07 500.000000 600.000000 Eta 
7823 884962 0.438869 1.000000e-07 500.000000 600.000000 Eta 
5809 1248756 0.438869 6.309573e-08 500.000000 600.000000 Eta 
3625 1565417 0.438869 3.981072e-08 500.000000 600.000000 Eta 
2059 1768281 0.438869 2.511886e-08 500.000000 600.000000 Eta 
1011 1890293 0.438869 1.584893e-08 500.000000 600.000000 Eta 
453 1951298 0.438869 1.000000e-08 500.000000 600.000000 Eta 
0 2000000 0.540000 1.000000e-05 500.000000 600.000000 Eta 
0 2000000 0.540000 6.309573e-06 500.000000 600.000000 Eta 
5 1999419 0.540000 3.981072e-06 500.000000 600.000000 Eta 
196 1974701 0.540000 2.511886e-06 500.000000 600.000000 Eta 
1346 1815858 0.540000 1.584893e-06 500.000000 600.000000 Eta 
4320 1328786 0.540000 1.000000e-06 500.000000 600.000000 Eta 
6882 820727 0.540000 6.309573e-07 500.000000 600.000000 Eta 
8709 474895 0.540000 3.981072e-07 500.000000 600.000000 Eta 
9641 331927 0.540000 2.511886e-07 500.000000 600.000000 Eta 
9505 450754 0.540000 1.584893e-07 500.000000 600.000000 Eta 
8426 751323 0.540000 1.000000e-07 500.000000 600.000000 Eta 
6575 1103159 0.540000 6.309573e-08 500.000000 600.000000 Eta 
4415 1454875 0.540000 3.981072e-08 500.000000 600.000000 Eta 
2615 1705693 0.540000 2.511886e-08 500.000000 600.000000 Eta 
1338 1859087 0.540000 1.584893e-08 500.000000 600.000000 Eta 
582 1939262 0.540000 1.000000e-08 500.000000 600.000000 Eta 
