0 10000000 0.001073 1.000000e-03 500.000000 600.000000 Brem 
0 10000000 0.001073 6.309573e-04 500.000000 600.000000 Brem 
0 10000000 0.001073 3.981072e-04 500.000000 600.000000 Brem 
0 10000000 0.001073 2.511886e-04 500.000000 600.000000 Brem 
0 10000000 0.001073 1.584893e-04 500.000000 600.000000 Brem 
0 10000000 0.001073 1.000000e-04 500.000000 600.000000 Brem 
0 10000000 0.001073 6.309573e-05 500.000000 600.000000 Brem 
0 10000000 0.001073 3.981072e-05 500.000000 600.000000 Brem 
0 10000000 0.001073 2.511886e-05 500.000000 600.000000 Brem 
0 10000000 0.001073 1.584893e-05 500.000000 600.000000 Brem 
0 10000000 0.001073 1.000000e-05 500.000000 600.000000 Brem 
0 10000000 0.001073 6.309573e-06 500.000000 600.000000 Brem 
0 10000000 0.001073 3.981072e-06 500.000000 600.000000 Brem 
0 10000000 0.001073 2.511886e-06 500.000000 600.000000 Brem 
0 10000000 0.001073 1.584893e-06 500.000000 600.000000 Brem 
0 10000000 0.001073 1.000000e-06 500.000000 600.000000 Brem 
0 10000000 0.001073 6.309573e-07 500.000000 600.000000 Brem 
0 10000000 0.001073 3.981072e-07 500.000000 600.000000 Brem 
0 10000000 0.001073 2.511886e-07 500.000000 600.000000 Brem 
0 10000000 0.001073 1.584893e-07 500.000000 600.000000 Brem 
0 10000000 0.001073 1.000000e-07 500.000000 600.000000 Brem 
0 10000000 0.001073 6.309573e-08 500.000000 600.000000 Brem 
0 10000000 0.001073 3.981072e-08 500.000000 600.000000 Brem 
0 10000000 0.001073 2.511886e-08 500.000000 600.000000 Brem 
0 10000000 0.001073 1.584893e-08 500.000000 600.000000 Brem 
0 10000000 0.001073 1.000000e-08 500.000000 600.000000 Brem 
0 10000000 0.001398 1.000000e-03 500.000000 600.000000 Brem 
0 10000000 0.001398 6.309573e-04 500.000000 600.000000 Brem 
0 10000000 0.001398 3.981072e-04 500.000000 600.000000 Brem 
0 10000000 0.001398 2.511886e-04 500.000000 600.000000 Brem 
0 10000000 0.001398 1.584893e-04 500.000000 600.000000 Brem 
0 10000000 0.001398 1.000000e-04 500.000000 600.000000 Brem 
0 10000000 0.001398 6.309573e-05 500.000000 600.000000 Brem 
0 10000000 0.001398 3.981072e-05 500.000000 600.000000 Brem 
0 10000000 0.001398 2.511886e-05 500.000000 600.000000 Brem 
0 10000000 0.001398 1.584893e-05 500.000000 600.000000 Brem 
0 10000000 0.001398 1.000000e-05 500.000000 600.000000 Brem 
0 10000000 0.001398 6.309573e-06 500.000000 600.000000 Brem 
0 10000000 0.001398 3.981072e-06 500.000000 600.000000 Brem 
0 10000000 0.001398 2.511886e-06 500.000000 600.000000 Brem 
0 10000000 0.001398 1.584893e-06 500.000000 600.000000 Brem 
0 10000000 0.001398 1.000000e-06 500.000000 600.000000 Brem 
0 10000000 0.001398 6.309573e-07 500.000000 600.000000 Brem 
0 10000000 0.001398 3.981072e-07 500.000000 600.000000 Brem 
0 10000000 0.001398 2.511886e-07 500.000000 600.000000 Brem 
0 10000000 0.001398 1.584893e-07 500.000000 600.000000 Brem 
0 10000000 0.001398 1.000000e-07 500.000000 600.000000 Brem 
0 10000000 0.001398 6.309573e-08 500.000000 600.000000 Brem 
0 10000000 0.001398 3.981072e-08 500.000000 600.000000 Brem 
0 10000000 0.001398 2.511886e-08 500.000000 600.000000 Brem 
0 10000000 0.001398 1.584893e-08 500.000000 600.000000 Brem 
0 10000000 0.001398 1.000000e-08 500.000000 600.000000 Brem 
0 10000000 0.001821 1.000000e-03 500.000000 600.000000 Brem 
0 10000000 0.001821 6.309573e-04 500.000000 600.000000 Brem 
0 10000000 0.001821 3.981072e-04 500.000000 600.000000 Brem 
0 10000000 0.001821 2.511886e-04 500.000000 600.000000 Brem 
0 10000000 0.001821 1.584893e-04 500.000000 600.000000 Brem 
0 10000000 0.001821 1.000000e-04 500.000000 600.000000 Brem 
0 10000000 0.001821 6.309573e-05 500.000000 600.000000 Brem 
0 10000000 0.001821 3.981072e-05 500.000000 600.000000 Brem 
0 10000000 0.001821 2.511886e-05 500.000000 600.000000 Brem 
0 10000000 0.001821 1.584893e-05 500.000000 600.000000 Brem 
0 10000000 0.001821 1.000000e-05 500.000000 600.000000 Brem 
0 10000000 0.001821 6.309573e-06 500.000000 600.000000 Brem 
0 10000000 0.001821 3.981072e-06 500.000000 600.000000 Brem 
0 10000000 0.001821 2.511886e-06 500.000000 600.000000 Brem 
0 10000000 0.001821 1.584893e-06 500.000000 600.000000 Brem 
0 10000000 0.001821 1.000000e-06 500.000000 600.000000 Brem 
0 10000000 0.001821 6.309573e-07 500.000000 600.000000 Brem 
0 10000000 0.001821 3.981072e-07 500.000000 600.000000 Brem 
0 10000000 0.001821 2.511886e-07 500.000000 600.000000 Brem 
0 10000000 0.001821 1.584893e-07 500.000000 600.000000 Brem 
0 10000000 0.001821 1.000000e-07 500.000000 600.000000 Brem 
0 10000000 0.001821 6.309573e-08 500.000000 600.000000 Brem 
0 10000000 0.001821 3.981072e-08 500.000000 600.000000 Brem 
0 10000000 0.001821 2.511886e-08 500.000000 600.000000 Brem 
0 10000000 0.001821 1.584893e-08 500.000000 600.000000 Brem 
0 10000000 0.001821 1.000000e-08 500.000000 600.000000 Brem 
0 10000000 0.002373 1.000000e-03 500.000000 600.000000 Brem 
0 10000000 0.002373 6.309573e-04 500.000000 600.000000 Brem 
0 10000000 0.002373 3.981072e-04 500.000000 600.000000 Brem 
0 10000000 0.002373 2.511886e-04 500.000000 600.000000 Brem 
0 10000000 0.002373 1.584893e-04 500.000000 600.000000 Brem 
0 10000000 0.002373 1.000000e-04 500.000000 600.000000 Brem 
0 10000000 0.002373 6.309573e-05 500.000000 600.000000 Brem 
0 10000000 0.002373 3.981072e-05 500.000000 600.000000 Brem 
0 10000000 0.002373 2.511886e-05 500.000000 600.000000 Brem 
0 10000000 0.002373 1.584893e-05 500.000000 600.000000 Brem 
0 10000000 0.002373 1.000000e-05 500.000000 600.000000 Brem 
0 10000000 0.002373 6.309573e-06 500.000000 600.000000 Brem 
0 10000000 0.002373 3.981072e-06 500.000000 600.000000 Brem 
0 10000000 0.002373 2.511886e-06 500.000000 600.000000 Brem 
0 10000000 0.002373 1.584893e-06 500.000000 600.000000 Brem 
0 10000000 0.002373 1.000000e-06 500.000000 600.000000 Brem 
0 10000000 0.002373 6.309573e-07 500.000000 600.000000 Brem 
0 10000000 0.002373 3.981072e-07 500.000000 600.000000 Brem 
0 10000000 0.002373 2.511886e-07 500.000000 600.000000 Brem 
0 10000000 0.002373 1.584893e-07 500.000000 600.000000 Brem 
0 10000000 0.002373 1.000000e-07 500.000000 600.000000 Brem 
0 10000000 0.002373 6.309573e-08 500.000000 600.000000 Brem 
0 10000000 0.002373 3.981072e-08 500.000000 600.000000 Brem 
0 10000000 0.002373 2.511886e-08 500.000000 600.000000 Brem 
0 10000000 0.002373 1.584893e-08 500.000000 600.000000 Brem 
0 10000000 0.002373 1.000000e-08 500.000000 600.000000 Brem 
0 10000000 0.003092 1.000000e-03 500.000000 600.000000 Brem 
0 10000000 0.003092 6.309573e-04 500.000000 600.000000 Brem 
0 10000000 0.003092 3.981072e-04 500.000000 600.000000 Brem 
0 10000000 0.003092 2.511886e-04 500.000000 600.000000 Brem 
0 10000000 0.003092 1.584893e-04 500.000000 600.000000 Brem 
0 10000000 0.003092 1.000000e-04 500.000000 600.000000 Brem 
0 10000000 0.003092 6.309573e-05 500.000000 600.000000 Brem 
0 10000000 0.003092 3.981072e-05 500.000000 600.000000 Brem 
0 10000000 0.003092 2.511886e-05 500.000000 600.000000 Brem 
0 10000000 0.003092 1.584893e-05 500.000000 600.000000 Brem 
0 10000000 0.003092 1.000000e-05 500.000000 600.000000 Brem 
0 10000000 0.003092 6.309573e-06 500.000000 600.000000 Brem 
0 10000000 0.003092 3.981072e-06 500.000000 600.000000 Brem 
0 10000000 0.003092 2.511886e-06 500.000000 600.000000 Brem 
0 10000000 0.003092 1.584893e-06 500.000000 600.000000 Brem 
0 10000000 0.003092 1.000000e-06 500.000000 600.000000 Brem 
0 10000000 0.003092 6.309573e-07 500.000000 600.000000 Brem 
0 10000000 0.003092 3.981072e-07 500.000000 600.000000 Brem 
0 10000000 0.003092 2.511886e-07 500.000000 600.000000 Brem 
0 10000000 0.003092 1.584893e-07 500.000000 600.000000 Brem 
0 10000000 0.003092 1.000000e-07 500.000000 600.000000 Brem 
0 10000000 0.003092 6.309573e-08 500.000000 600.000000 Brem 
0 10000000 0.003092 3.981072e-08 500.000000 600.000000 Brem 
0 10000000 0.003092 2.511886e-08 500.000000 600.000000 Brem 
0 10000000 0.003092 1.584893e-08 500.000000 600.000000 Brem 
0 10000000 0.003092 1.000000e-08 500.000000 600.000000 Brem 
0 10000000 0.004028 1.000000e-03 500.000000 600.000000 Brem 
0 10000000 0.004028 6.309573e-04 500.000000 600.000000 Brem 
0 10000000 0.004028 3.981072e-04 500.000000 600.000000 Brem 
0 10000000 0.004028 2.511886e-04 500.000000 600.000000 Brem 
0 10000000 0.004028 1.584893e-04 500.000000 600.000000 Brem 
0 10000000 0.004028 1.000000e-04 500.000000 600.000000 Brem 
0 10000000 0.004028 6.309573e-05 500.000000 600.000000 Brem 
0 10000000 0.004028 3.981072e-05 500.000000 600.000000 Brem 
0 10000000 0.004028 2.511886e-05 500.000000 600.000000 Brem 
0 10000000 0.004028 1.584893e-05 500.000000 600.000000 Brem 
0 10000000 0.004028 1.000000e-05 500.000000 600.000000 Brem 
0 10000000 0.004028 6.309573e-06 500.000000 600.000000 Brem 
0 10000000 0.004028 3.981072e-06 500.000000 600.000000 Brem 
0 10000000 0.004028 2.511886e-06 500.000000 600.000000 Brem 
0 10000000 0.004028 1.584893e-06 500.000000 600.000000 Brem 
0 10000000 0.004028 1.000000e-06 500.000000 600.000000 Brem 
0 10000000 0.004028 6.309573e-07 500.000000 600.000000 Brem 
0 10000000 0.004028 3.981072e-07 500.000000 600.000000 Brem 
0 10000000 0.004028 2.511886e-07 500.000000 600.000000 Brem 
0 10000000 0.004028 1.584893e-07 500.000000 600.000000 Brem 
0 10000000 0.004028 1.000000e-07 500.000000 600.000000 Brem 
0 10000000 0.004028 6.309573e-08 500.000000 600.000000 Brem 
0 10000000 0.004028 3.981072e-08 500.000000 600.000000 Brem 
0 10000000 0.004028 2.511886e-08 500.000000 600.000000 Brem 
0 10000000 0.004028 1.584893e-08 500.000000 600.000000 Brem 
0 10000000 0.004028 1.000000e-08 500.000000 600.000000 Brem 
0 10000000 0.005247 1.000000e-03 500.000000 600.000000 Brem 
0 10000000 0.005247 6.309573e-04 500.000000 600.000000 Brem 
0 10000000 0.005247 3.981072e-04 500.000000 600.000000 Brem 
0 10000000 0.005247 2.511886e-04 500.000000 600.000000 Brem 
0 10000000 0.005247 1.584893e-04 500.000000 600.000000 Brem 
0 10000000 0.005247 1.000000e-04 500.000000 600.000000 Brem 
0 10000000 0.005247 6.309573e-05 500.000000 600.000000 Brem 
0 10000000 0.005247 3.981072e-05 500.000000 600.000000 Brem 
0 10000000 0.005247 2.511886e-05 500.000000 600.000000 Brem 
0 10000000 0.005247 1.584893e-05 500.000000 600.000000 Brem 
0 10000000 0.005247 1.000000e-05 500.000000 600.000000 Brem 
0 10000000 0.005247 6.309573e-06 500.000000 600.000000 Brem 
0 10000000 0.005247 3.981072e-06 500.000000 600.000000 Brem 
0 10000000 0.005247 2.511886e-06 500.000000 600.000000 Brem 
0 10000000 0.005247 1.584893e-06 500.000000 600.000000 Brem 
0 10000000 0.005247 1.000000e-06 500.000000 600.000000 Brem 
0 10000000 0.005247 6.309573e-07 500.000000 600.000000 Brem 
0 10000000 0.005247 3.981072e-07 500.000000 600.000000 Brem 
0 10000000 0.005247 2.511886e-07 500.000000 600.000000 Brem 
0 10000000 0.005247 1.584893e-07 500.000000 600.000000 Brem 
0 10000000 0.005247 1.000000e-07 500.000000 600.000000 Brem 
0 10000000 0.005247 6.309573e-08 500.000000 600.000000 Brem 
0 10000000 0.005247 3.981072e-08 500.000000 600.000000 Brem 
0 10000000 0.005247 2.511886e-08 500.000000 600.000000 Brem 
0 10000000 0.005247 1.584893e-08 500.000000 600.000000 Brem 
0 10000000 0.005247 1.000000e-08 500.000000 600.000000 Brem 
0 10000000 0.006836 1.000000e-03 500.000000 600.000000 Brem 
0 10000000 0.006836 6.309573e-04 500.000000 600.000000 Brem 
0 10000000 0.006836 3.981072e-04 500.000000 600.000000 Brem 
0 10000000 0.006836 2.511886e-04 500.000000 600.000000 Brem 
0 10000000 0.006836 1.584893e-04 500.000000 600.000000 Brem 
0 10000000 0.006836 1.000000e-04 500.000000 600.000000 Brem 
0 10000000 0.006836 6.309573e-05 500.000000 600.000000 Brem 
0 10000000 0.006836 3.981072e-05 500.000000 600.000000 Brem 
0 10000000 0.006836 2.511886e-05 500.000000 600.000000 Brem 
0 10000000 0.006836 1.584893e-05 500.000000 600.000000 Brem 
0 10000000 0.006836 1.000000e-05 500.000000 600.000000 Brem 
0 10000000 0.006836 6.309573e-06 500.000000 600.000000 Brem 
0 10000000 0.006836 3.981072e-06 500.000000 600.000000 Brem 
0 10000000 0.006836 2.511886e-06 500.000000 600.000000 Brem 
0 10000000 0.006836 1.584893e-06 500.000000 600.000000 Brem 
0 10000000 0.006836 1.000000e-06 500.000000 600.000000 Brem 
0 10000000 0.006836 6.309573e-07 500.000000 600.000000 Brem 
0 10000000 0.006836 3.981072e-07 500.000000 600.000000 Brem 
0 10000000 0.006836 2.511886e-07 500.000000 600.000000 Brem 
0 10000000 0.006836 1.584893e-07 500.000000 600.000000 Brem 
0 10000000 0.006836 1.000000e-07 500.000000 600.000000 Brem 
0 10000000 0.006836 6.309573e-08 500.000000 600.000000 Brem 
0 10000000 0.006836 3.981072e-08 500.000000 600.000000 Brem 
0 10000000 0.006836 2.511886e-08 500.000000 600.000000 Brem 
0 10000000 0.006836 1.584893e-08 500.000000 600.000000 Brem 
0 10000000 0.006836 1.000000e-08 500.000000 600.000000 Brem 
0 10000000 0.008906 1.000000e-03 500.000000 600.000000 Brem 
0 10000000 0.008906 6.309573e-04 500.000000 600.000000 Brem 
0 10000000 0.008906 3.981072e-04 500.000000 600.000000 Brem 
0 10000000 0.008906 2.511886e-04 500.000000 600.000000 Brem 
0 10000000 0.008906 1.584893e-04 500.000000 600.000000 Brem 
0 10000000 0.008906 1.000000e-04 500.000000 600.000000 Brem 
0 10000000 0.008906 6.309573e-05 500.000000 600.000000 Brem 
0 10000000 0.008906 3.981072e-05 500.000000 600.000000 Brem 
0 10000000 0.008906 2.511886e-05 500.000000 600.000000 Brem 
0 10000000 0.008906 1.584893e-05 500.000000 600.000000 Brem 
0 10000000 0.008906 1.000000e-05 500.000000 600.000000 Brem 
0 10000000 0.008906 6.309573e-06 500.000000 600.000000 Brem 
0 10000000 0.008906 3.981072e-06 500.000000 600.000000 Brem 
0 10000000 0.008906 2.511886e-06 500.000000 600.000000 Brem 
0 10000000 0.008906 1.584893e-06 500.000000 600.000000 Brem 
0 10000000 0.008906 1.000000e-06 500.000000 600.000000 Brem 
0 10000000 0.008906 6.309573e-07 500.000000 600.000000 Brem 
0 10000000 0.008906 3.981072e-07 500.000000 600.000000 Brem 
0 10000000 0.008906 2.511886e-07 500.000000 600.000000 Brem 
0 10000000 0.008906 1.584893e-07 500.000000 600.000000 Brem 
0 10000000 0.008906 1.000000e-07 500.000000 600.000000 Brem 
0 10000000 0.008906 6.309573e-08 500.000000 600.000000 Brem 
0 10000000 0.008906 3.981072e-08 500.000000 600.000000 Brem 
0 10000000 0.008906 2.511886e-08 500.000000 600.000000 Brem 
0 10000000 0.008906 1.584893e-08 500.000000 600.000000 Brem 
0 10000000 0.008906 1.000000e-08 500.000000 600.000000 Brem 
0 10000000 0.011603 1.000000e-03 500.000000 600.000000 Brem 
0 10000000 0.011603 6.309573e-04 500.000000 600.000000 Brem 
82 10000000 0.011603 3.981072e-04 500.000000 600.000000 Brem 
10000 8762644 0.011603 2.511886e-04 500.000000 600.000000 Brem 
10000 916179 0.011603 1.584893e-04 500.000000 600.000000 Brem 
10000 264829 0.011603 1.000000e-04 500.000000 600.000000 Brem 
10000 157315 0.011603 6.309573e-05 500.000000 600.000000 Brem 
10000 191129 0.011603 3.981072e-05 500.000000 600.000000 Brem 
10000 368541 0.011603 2.511886e-05 500.000000 600.000000 Brem 
10000 812605 0.011603 1.584893e-05 500.000000 600.000000 Brem 
10000 1921997 0.011603 1.000000e-05 500.000000 600.000000 Brem 
10000 4805015 0.011603 6.309573e-06 500.000000 600.000000 Brem 
8455 10000000 0.011603 3.981072e-06 500.000000 600.000000 Brem 
3346 10000000 0.011603 2.511886e-06 500.000000 600.000000 Brem 
1419 10000000 0.011603 1.584893e-06 500.000000 600.000000 Brem 
524 10000000 0.011603 1.000000e-06 500.000000 600.000000 Brem 
202 10000000 0.011603 6.309573e-07 500.000000 600.000000 Brem 
73 10000000 0.011603 3.981072e-07 500.000000 600.000000 Brem 
35 10000000 0.011603 2.511886e-07 500.000000 600.000000 Brem 
6 10000000 0.011603 1.584893e-07 500.000000 600.000000 Brem 
4 10000000 0.011603 1.000000e-07 500.000000 600.000000 Brem 
1 10000000 0.011603 6.309573e-08 500.000000 600.000000 Brem 
1 10000000 0.011603 3.981072e-08 500.000000 600.000000 Brem 
0 10000000 0.011603 2.511886e-08 500.000000 600.000000 Brem 
0 10000000 0.011603 1.584893e-08 500.000000 600.000000 Brem 
0 10000000 0.011603 1.000000e-08 500.000000 600.000000 Brem 
0 10000000 0.015117 1.000000e-03 500.000000 600.000000 Brem 
0 10000000 0.015117 6.309573e-04 500.000000 600.000000 Brem 
0 10000000 0.015117 3.981072e-04 500.000000 600.000000 Brem 
146 10000000 0.015117 2.511886e-04 500.000000 600.000000 Brem 
10000 6841846 0.015117 1.584893e-04 500.000000 600.000000 Brem 
10000 742597 0.015117 1.000000e-04 500.000000 600.000000 Brem 
10000 221247 0.015117 6.309573e-05 500.000000 600.000000 Brem 
10000 154782 0.015117 3.981072e-05 500.000000 600.000000 Brem 
10000 210068 0.015117 2.511886e-05 500.000000 600.000000 Brem 
10000 403467 0.015117 1.584893e-05 500.000000 600.000000 Brem 
10000 889295 0.015117 1.000000e-05 500.000000 600.000000 Brem 
10000 2195189 0.015117 6.309573e-06 500.000000 600.000000 Brem 
10000 5399105 0.015117 3.981072e-06 500.000000 600.000000 Brem 
7440 10000000 0.015117 2.511886e-06 500.000000 600.000000 Brem 
2997 10000000 0.015117 1.584893e-06 500.000000 600.000000 Brem 
1199 10000000 0.015117 1.000000e-06 500.000000 600.000000 Brem 
443 10000000 0.015117 6.309573e-07 500.000000 600.000000 Brem 
191 10000000 0.015117 3.981072e-07 500.000000 600.000000 Brem 
73 10000000 0.015117 2.511886e-07 500.000000 600.000000 Brem 
26 10000000 0.015117 1.584893e-07 500.000000 600.000000 Brem 
10 10000000 0.015117 1.000000e-07 500.000000 600.000000 Brem 
3 10000000 0.015117 6.309573e-08 500.000000 600.000000 Brem 
3 10000000 0.015117 3.981072e-08 500.000000 600.000000 Brem 
0 10000000 0.015117 2.511886e-08 500.000000 600.000000 Brem 
0 10000000 0.015117 1.584893e-08 500.000000 600.000000 Brem 
0 10000000 0.015117 1.000000e-08 500.000000 600.000000 Brem 
0 10000000 0.019695 1.000000e-03 500.000000 600.000000 Brem 
0 10000000 0.019695 6.309573e-04 500.000000 600.000000 Brem 
0 10000000 0.019695 3.981072e-04 500.000000 600.000000 Brem 
0 10000000 0.019695 2.511886e-04 500.000000 600.000000 Brem 
1322 10000000 0.019695 1.584893e-04 500.000000 600.000000 Brem 
10000 2258942 0.019695 1.000000e-04 500.000000 600.000000 Brem 
10000 454412 0.019695 6.309573e-05 500.000000 600.000000 Brem 
10000 186424 0.019695 3.981072e-05 500.000000 600.000000 Brem 
10000 164214 0.019695 2.511886e-05 500.000000 600.000000 Brem 
10000 251023 0.019695 1.584893e-05 500.000000 600.000000 Brem 
10000 522293 0.019695 1.000000e-05 500.000000 600.000000 Brem 
10000 1215923 0.019695 6.309573e-06 500.000000 600.000000 Brem 
10000 2914848 0.019695 3.981072e-06 500.000000 600.000000 Brem 
10000 7245502 0.019695 2.511886e-06 500.000000 600.000000 Brem 
5478 10000000 0.019695 1.584893e-06 500.000000 600.000000 Brem 
2222 10000000 0.019695 1.000000e-06 500.000000 600.000000 Brem 
863 10000000 0.019695 6.309573e-07 500.000000 600.000000 Brem 
332 10000000 0.019695 3.981072e-07 500.000000 600.000000 Brem 
152 10000000 0.019695 2.511886e-07 500.000000 600.000000 Brem 
54 10000000 0.019695 1.584893e-07 500.000000 600.000000 Brem 
28 10000000 0.019695 1.000000e-07 500.000000 600.000000 Brem 
4 10000000 0.019695 6.309573e-08 500.000000 600.000000 Brem 
1 10000000 0.019695 3.981072e-08 500.000000 600.000000 Brem 
2 10000000 0.019695 2.511886e-08 500.000000 600.000000 Brem 
1 10000000 0.019695 1.584893e-08 500.000000 600.000000 Brem 
0 10000000 0.019695 1.000000e-08 500.000000 600.000000 Brem 
0 10000000 0.025659 1.000000e-03 500.000000 600.000000 Brem 
0 10000000 0.025659 6.309573e-04 500.000000 600.000000 Brem 
0 10000000 0.025659 3.981072e-04 500.000000 600.000000 Brem 
0 10000000 0.025659 2.511886e-04 500.000000 600.000000 Brem 
27 10000000 0.025659 1.584893e-04 500.000000 600.000000 Brem 
7409 10000000 0.025659 1.000000e-04 500.000000 600.000000 Brem 
10000 1098465 0.025659 6.309573e-05 500.000000 600.000000 Brem 
10000 274197 0.025659 3.981072e-05 500.000000 600.000000 Brem 
10000 156650 0.025659 2.511886e-05 500.000000 600.000000 Brem 
10000 186890 0.025659 1.584893e-05 500.000000 600.000000 Brem 
10000 342742 0.025659 1.000000e-05 500.000000 600.000000 Brem 
10000 754300 0.025659 6.309573e-06 500.000000 600.000000 Brem 
10000 1780485 0.025659 3.981072e-06 500.000000 600.000000 Brem 
10000 4254783 0.025659 2.511886e-06 500.000000 600.000000 Brem 
9155 10000000 0.025659 1.584893e-06 500.000000 600.000000 Brem 
3631 10000000 0.025659 1.000000e-06 500.000000 600.000000 Brem 
1459 10000000 0.025659 6.309573e-07 500.000000 600.000000 Brem 
587 10000000 0.025659 3.981072e-07 500.000000 600.000000 Brem 
228 10000000 0.025659 2.511886e-07 500.000000 600.000000 Brem 
89 10000000 0.025659 1.584893e-07 500.000000 600.000000 Brem 
42 10000000 0.025659 1.000000e-07 500.000000 600.000000 Brem 
17 10000000 0.025659 6.309573e-08 500.000000 600.000000 Brem 
9 10000000 0.025659 3.981072e-08 500.000000 600.000000 Brem 
3 10000000 0.025659 2.511886e-08 500.000000 600.000000 Brem 
0 10000000 0.025659 1.584893e-08 500.000000 600.000000 Brem 
0 10000000 0.025659 1.000000e-08 500.000000 600.000000 Brem 
0 10000000 0.033428 1.000000e-03 500.000000 600.000000 Brem 
0 10000000 0.033428 6.309573e-04 500.000000 600.000000 Brem 
0 10000000 0.033428 3.981072e-04 500.000000 600.000000 Brem 
0 10000000 0.033428 2.511886e-04 500.000000 600.000000 Brem 
0 10000000 0.033428 1.584893e-04 500.000000 600.000000 Brem 
469 10000000 0.033428 1.000000e-04 500.000000 600.000000 Brem 
10000 4478468 0.033428 6.309573e-05 500.000000 600.000000 Brem 
10000 682647 0.033428 3.981072e-05 500.000000 600.000000 Brem 
10000 203791 0.033428 2.511886e-05 500.000000 600.000000 Brem 
10000 153027 0.033428 1.584893e-05 500.000000 600.000000 Brem 
10000 222902 0.033428 1.000000e-05 500.000000 600.000000 Brem 
10000 449864 0.033428 6.309573e-06 500.000000 600.000000 Brem 
10000 1018191 0.033428 3.981072e-06 500.000000 600.000000 Brem 
10000 2413743 0.033428 2.511886e-06 500.000000 600.000000 Brem 
10000 6047194 0.033428 1.584893e-06 500.000000 600.000000 Brem 
6389 10000000 0.033428 1.000000e-06 500.000000 600.000000 Brem 
2647 10000000 0.033428 6.309573e-07 500.000000 600.000000 Brem 
998 10000000 0.033428 3.981072e-07 500.000000 600.000000 Brem 
404 10000000 0.033428 2.511886e-07 500.000000 600.000000 Brem 
159 10000000 0.033428 1.584893e-07 500.000000 600.000000 Brem 
79 10000000 0.033428 1.000000e-07 500.000000 600.000000 Brem 
31 10000000 0.033428 6.309573e-08 500.000000 600.000000 Brem 
10 10000000 0.033428 3.981072e-08 500.000000 600.000000 Brem 
7 10000000 0.033428 2.511886e-08 500.000000 600.000000 Brem 
5 10000000 0.033428 1.584893e-08 500.000000 600.000000 Brem 
0 10000000 0.033428 1.000000e-08 500.000000 600.000000 Brem 
0 10000000 0.043551 1.000000e-03 500.000000 600.000000 Brem 
0 10000000 0.043551 6.309573e-04 500.000000 600.000000 Brem 
0 10000000 0.043551 3.981072e-04 500.000000 600.000000 Brem 
0 10000000 0.043551 2.511886e-04 500.000000 600.000000 Brem 
0 10000000 0.043551 1.584893e-04 500.000000 600.000000 Brem 
7 10000000 0.043551 1.000000e-04 500.000000 600.000000 Brem 
3922 10000000 0.043551 6.309573e-05 500.000000 600.000000 Brem 
10000 1629380 0.043551 3.981072e-05 500.000000 600.000000 Brem 
10000 344413 0.043551 2.511886e-05 500.000000 600.000000 Brem 
10000 165185 0.043551 1.584893e-05 500.000000 600.000000 Brem 
10000 174772 0.043551 1.000000e-05 500.000000 600.000000 Brem 
10000 300042 0.043551 6.309573e-06 500.000000 600.000000 Brem 
10000 655285 0.043551 3.981072e-06 500.000000 600.000000 Brem 
10000 1519865 0.043551 2.511886e-06 500.000000 600.000000 Brem 
10000 3672647 0.043551 1.584893e-06 500.000000 600.000000 Brem 
10000 9344958 0.043551 1.000000e-06 500.000000 600.000000 Brem 
4311 10000000 0.043551 6.309573e-07 500.000000 600.000000 Brem 
1785 10000000 0.043551 3.981072e-07 500.000000 600.000000 Brem 
694 10000000 0.043551 2.511886e-07 500.000000 600.000000 Brem 
253 10000000 0.043551 1.584893e-07 500.000000 600.000000 Brem 
109 10000000 0.043551 1.000000e-07 500.000000 600.000000 Brem 
46 10000000 0.043551 6.309573e-08 500.000000 600.000000 Brem 
13 10000000 0.043551 3.981072e-08 500.000000 600.000000 Brem 
5 10000000 0.043551 2.511886e-08 500.000000 600.000000 Brem 
2 10000000 0.043551 1.584893e-08 500.000000 600.000000 Brem 
1 10000000 0.043551 1.000000e-08 500.000000 600.000000 Brem 
0 10000000 0.056739 1.000000e-03 500.000000 600.000000 Brem 
0 10000000 0.056739 6.309573e-04 500.000000 600.000000 Brem 
0 10000000 0.056739 3.981072e-04 500.000000 600.000000 Brem 
0 10000000 0.056739 2.511886e-04 500.000000 600.000000 Brem 
0 10000000 0.056739 1.584893e-04 500.000000 600.000000 Brem 
0 10000000 0.056739 1.000000e-04 500.000000 600.000000 Brem 
165 10000000 0.056739 6.309573e-05 500.000000 600.000000 Brem 
10000 5252724 0.056739 3.981072e-05 500.000000 600.000000 Brem 
10000 631542 0.056739 2.511886e-05 500.000000 600.000000 Brem 
10000 218606 0.056739 1.584893e-05 500.000000 600.000000 Brem 
10000 156435 0.056739 1.000000e-05 500.000000 600.000000 Brem 
10000 218367 0.056739 6.309573e-06 500.000000 600.000000 Brem 
10000 429017 0.056739 3.981072e-06 500.000000 600.000000 Brem 
10000 974223 0.056739 2.511886e-06 500.000000 600.000000 Brem 
10000 2298614 0.056739 1.584893e-06 500.000000 600.000000 Brem 
10000 5685542 0.056739 1.000000e-06 500.000000 600.000000 Brem 
6920 10000000 0.056739 6.309573e-07 500.000000 600.000000 Brem 
2769 10000000 0.056739 3.981072e-07 500.000000 600.000000 Brem 
1111 10000000 0.056739 2.511886e-07 500.000000 600.000000 Brem 
440 10000000 0.056739 1.584893e-07 500.000000 600.000000 Brem 
180 10000000 0.056739 1.000000e-07 500.000000 600.000000 Brem 
82 10000000 0.056739 6.309573e-08 500.000000 600.000000 Brem 
32 10000000 0.056739 3.981072e-08 500.000000 600.000000 Brem 
7 10000000 0.056739 2.511886e-08 500.000000 600.000000 Brem 
3 10000000 0.056739 1.584893e-08 500.000000 600.000000 Brem 
4 10000000 0.056739 1.000000e-08 500.000000 600.000000 Brem 
0 10000000 0.073920 1.000000e-03 500.000000 600.000000 Brem 
0 10000000 0.073920 6.309573e-04 500.000000 600.000000 Brem 
0 10000000 0.073920 3.981072e-04 500.000000 600.000000 Brem 
0 10000000 0.073920 2.511886e-04 500.000000 600.000000 Brem 
0 10000000 0.073920 1.584893e-04 500.000000 600.000000 Brem 
0 10000000 0.073920 1.000000e-04 500.000000 600.000000 Brem 
3 10000000 0.073920 6.309573e-05 500.000000 600.000000 Brem 
2466 10000000 0.073920 3.981072e-05 500.000000 600.000000 Brem 
10000 1810467 0.073920 2.511886e-05 500.000000 600.000000 Brem 
10000 391639 0.073920 1.584893e-05 500.000000 600.000000 Brem 
10000 172753 0.073920 1.000000e-05 500.000000 600.000000 Brem 
10000 168409 0.073920 6.309573e-06 500.000000 600.000000 Brem 
10000 272032 0.073920 3.981072e-06 500.000000 600.000000 Brem 
10000 578766 0.073920 2.511886e-06 500.000000 600.000000 Brem 
10000 1315696 0.073920 1.584893e-06 500.000000 600.000000 Brem 
10000 3241232 0.073920 1.000000e-06 500.000000 600.000000 Brem 
10000 7954714 0.073920 6.309573e-07 500.000000 600.000000 Brem 
4940 10000000 0.073920 3.981072e-07 500.000000 600.000000 Brem 
2046 10000000 0.073920 2.511886e-07 500.000000 600.000000 Brem 
728 10000000 0.073920 1.584893e-07 500.000000 600.000000 Brem 
327 10000000 0.073920 1.000000e-07 500.000000 600.000000 Brem 
126 10000000 0.073920 6.309573e-08 500.000000 600.000000 Brem 
40 10000000 0.073920 3.981072e-08 500.000000 600.000000 Brem 
27 10000000 0.073920 2.511886e-08 500.000000 600.000000 Brem 
4 10000000 0.073920 1.584893e-08 500.000000 600.000000 Brem 
6 10000000 0.073920 1.000000e-08 500.000000 600.000000 Brem 
0 10000000 0.096304 1.000000e-03 500.000000 600.000000 Brem 
0 10000000 0.096304 6.309573e-04 500.000000 600.000000 Brem 
0 10000000 0.096304 3.981072e-04 500.000000 600.000000 Brem 
0 10000000 0.096304 2.511886e-04 500.000000 600.000000 Brem 
0 10000000 0.096304 1.584893e-04 500.000000 600.000000 Brem 
0 10000000 0.096304 1.000000e-04 500.000000 600.000000 Brem 
0 10000000 0.096304 6.309573e-05 500.000000 600.000000 Brem 
52 10000000 0.096304 3.981072e-05 500.000000 600.000000 Brem 
10000 8911033 0.096304 2.511886e-05 500.000000 600.000000 Brem 
10000 900312 0.096304 1.584893e-05 500.000000 600.000000 Brem 
10000 260423 0.096304 1.000000e-05 500.000000 600.000000 Brem 
10000 155685 0.096304 6.309573e-06 500.000000 600.000000 Brem 
10000 194144 0.096304 3.981072e-06 500.000000 600.000000 Brem 
10000 362239 0.096304 2.511886e-06 500.000000 600.000000 Brem 
10000 798889 0.096304 1.584893e-06 500.000000 600.000000 Brem 
10000 1933932 0.096304 1.000000e-06 500.000000 600.000000 Brem 
10000 4830930 0.096304 6.309573e-07 500.000000 600.000000 Brem 
8403 10000000 0.096304 3.981072e-07 500.000000 600.000000 Brem 
3306 10000000 0.096304 2.511886e-07 500.000000 600.000000 Brem 
1337 10000000 0.096304 1.584893e-07 500.000000 600.000000 Brem 
507 10000000 0.096304 1.000000e-07 500.000000 600.000000 Brem 
224 10000000 0.096304 6.309573e-08 500.000000 600.000000 Brem 
89 10000000 0.096304 3.981072e-08 500.000000 600.000000 Brem 
39 10000000 0.096304 2.511886e-08 500.000000 600.000000 Brem 
19 10000000 0.096304 1.584893e-08 500.000000 600.000000 Brem 
4 10000000 0.096304 1.000000e-08 500.000000 600.000000 Brem 
0 10000000 0.125467 1.000000e-03 500.000000 600.000000 Brem 
0 10000000 0.125467 6.309573e-04 500.000000 600.000000 Brem 
0 10000000 0.125467 3.981072e-04 500.000000 600.000000 Brem 
0 10000000 0.125467 2.511886e-04 500.000000 600.000000 Brem 
0 10000000 0.125467 1.584893e-04 500.000000 600.000000 Brem 
0 10000000 0.125467 1.000000e-04 500.000000 600.000000 Brem 
0 10000000 0.125467 6.309573e-05 500.000000 600.000000 Brem 
0 10000000 0.125467 3.981072e-05 500.000000 600.000000 Brem 
1065 10000000 0.125467 2.511886e-05 500.000000 600.000000 Brem 
10000 2685964 0.125467 1.584893e-05 500.000000 600.000000 Brem 
10000 459210 0.125467 1.000000e-05 500.000000 600.000000 Brem 
10000 185836 0.125467 6.309573e-06 500.000000 600.000000 Brem 
10000 160996 0.125467 3.981072e-06 500.000000 600.000000 Brem 
10000 252797 0.125467 2.511886e-06 500.000000 600.000000 Brem 
10000 516609 0.125467 1.584893e-06 500.000000 600.000000 Brem 
10000 1216898 0.125467 1.000000e-06 500.000000 600.000000 Brem 
10000 2911371 0.125467 6.309573e-07 500.000000 600.000000 Brem 
10000 7259211 0.125467 3.981072e-07 500.000000 600.000000 Brem 
5471 10000000 0.125467 2.511886e-07 500.000000 600.000000 Brem 
2228 10000000 0.125467 1.584893e-07 500.000000 600.000000 Brem 
910 10000000 0.125467 1.000000e-07 500.000000 600.000000 Brem 
369 10000000 0.125467 6.309573e-08 500.000000 600.000000 Brem 
130 10000000 0.125467 3.981072e-08 500.000000 600.000000 Brem 
61 10000000 0.125467 2.511886e-08 500.000000 600.000000 Brem 
14 10000000 0.125467 1.584893e-08 500.000000 600.000000 Brem 
9 10000000 0.125467 1.000000e-08 500.000000 600.000000 Brem 
0 10000000 0.163460 1.000000e-03 500.000000 600.000000 Brem 
0 10000000 0.163460 6.309573e-04 500.000000 600.000000 Brem 
0 10000000 0.163460 3.981072e-04 500.000000 600.000000 Brem 
0 10000000 0.163460 2.511886e-04 500.000000 600.000000 Brem 
0 10000000 0.163460 1.584893e-04 500.000000 600.000000 Brem 
0 10000000 0.163460 1.000000e-04 500.000000 600.000000 Brem 
0 10000000 0.163460 6.309573e-05 500.000000 600.000000 Brem 
0 10000000 0.163460 3.981072e-05 500.000000 600.000000 Brem 
18 10000000 0.163460 2.511886e-05 500.000000 600.000000 Brem 
7402 10000000 0.163460 1.584893e-05 500.000000 600.000000 Brem 
10000 1118161 0.163460 1.000000e-05 500.000000 600.000000 Brem 
10000 285739 0.163460 6.309573e-06 500.000000 600.000000 Brem 
10000 159036 0.163460 3.981072e-06 500.000000 600.000000 Brem 
10000 185609 0.163460 2.511886e-06 500.000000 600.000000 Brem 
10000 333958 0.163460 1.584893e-06 500.000000 600.000000 Brem 
10000 742065 0.163460 1.000000e-06 500.000000 600.000000 Brem 
10000 1744101 0.163460 6.309573e-07 500.000000 600.000000 Brem 
10000 4240375 0.163460 3.981072e-07 500.000000 600.000000 Brem 
9373 10000000 0.163460 2.511886e-07 500.000000 600.000000 Brem 
3815 10000000 0.163460 1.584893e-07 500.000000 600.000000 Brem 
1536 10000000 0.163460 1.000000e-07 500.000000 600.000000 Brem 
568 10000000 0.163460 6.309573e-08 500.000000 600.000000 Brem 
224 10000000 0.163460 3.981072e-08 500.000000 600.000000 Brem 
107 10000000 0.163460 2.511886e-08 500.000000 600.000000 Brem 
32 10000000 0.163460 1.584893e-08 500.000000 600.000000 Brem 
15 10000000 0.163460 1.000000e-08 500.000000 600.000000 Brem 
0 10000000 0.212958 1.000000e-03 500.000000 600.000000 Brem 
0 10000000 0.212958 6.309573e-04 500.000000 600.000000 Brem 
0 10000000 0.212958 3.981072e-04 500.000000 600.000000 Brem 
0 10000000 0.212958 2.511886e-04 500.000000 600.000000 Brem 
0 10000000 0.212958 1.584893e-04 500.000000 600.000000 Brem 
0 10000000 0.212958 1.000000e-04 500.000000 600.000000 Brem 
0 10000000 0.212958 6.309573e-05 500.000000 600.000000 Brem 
0 10000000 0.212958 3.981072e-05 500.000000 600.000000 Brem 
0 10000000 0.212958 2.511886e-05 500.000000 600.000000 Brem 
214 10000000 0.212958 1.584893e-05 500.000000 600.000000 Brem 
10000 4958666 0.212958 1.000000e-05 500.000000 600.000000 Brem 
10000 674556 0.212958 6.309573e-06 500.000000 600.000000 Brem 
10000 227001 0.212958 3.981072e-06 500.000000 600.000000 Brem 
10000 157075 0.212958 2.511886e-06 500.000000 600.000000 Brem 
10000 205837 0.212958 1.584893e-06 500.000000 600.000000 Brem 
10000 405775 0.212958 1.000000e-06 500.000000 600.000000 Brem 
10000 919912 0.212958 6.309573e-07 500.000000 600.000000 Brem 
10000 2211587 0.212958 3.981072e-07 500.000000 600.000000 Brem 
10000 5387096 0.212958 2.511886e-07 500.000000 600.000000 Brem 
7474 10000000 0.212958 1.584893e-07 500.000000 600.000000 Brem 
2976 10000000 0.212958 1.000000e-07 500.000000 600.000000 Brem 
1129 10000000 0.212958 6.309573e-08 500.000000 600.000000 Brem 
472 10000000 0.212958 3.981072e-08 500.000000 600.000000 Brem 
174 10000000 0.212958 2.511886e-08 500.000000 600.000000 Brem 
80 10000000 0.212958 1.584893e-08 500.000000 600.000000 Brem 
24 10000000 0.212958 1.000000e-08 500.000000 600.000000 Brem 
0 10000000 0.277445 1.000000e-03 500.000000 600.000000 Brem 
0 10000000 0.277445 6.309573e-04 500.000000 600.000000 Brem 
0 10000000 0.277445 3.981072e-04 500.000000 600.000000 Brem 
0 10000000 0.277445 2.511886e-04 500.000000 600.000000 Brem 
0 10000000 0.277445 1.584893e-04 500.000000 600.000000 Brem 
0 10000000 0.277445 1.000000e-04 500.000000 600.000000 Brem 
0 10000000 0.277445 6.309573e-05 500.000000 600.000000 Brem 
0 10000000 0.277445 3.981072e-05 500.000000 600.000000 Brem 
0 10000000 0.277445 2.511886e-05 500.000000 600.000000 Brem 
0 10000000 0.277445 1.584893e-05 500.000000 600.000000 Brem 
149 10000000 0.277445 1.000000e-05 500.000000 600.000000 Brem 
10000 6660104 0.277445 6.309573e-06 500.000000 600.000000 Brem 
10000 716507 0.277445 3.981072e-06 500.000000 600.000000 Brem 
10000 227473 0.277445 2.511886e-06 500.000000 600.000000 Brem 
10000 156347 0.277445 1.584893e-06 500.000000 600.000000 Brem 
10000 209903 0.277445 1.000000e-06 500.000000 600.000000 Brem 
10000 397292 0.277445 6.309573e-07 500.000000 600.000000 Brem 
10000 895792 0.277445 3.981072e-07 500.000000 600.000000 Brem 
10000 2144362 0.277445 2.511886e-07 500.000000 600.000000 Brem 
10000 5343681 0.277445 1.584893e-07 500.000000 600.000000 Brem 
7504 10000000 0.277445 1.000000e-07 500.000000 600.000000 Brem 
2998 10000000 0.277445 6.309573e-08 500.000000 600.000000 Brem 
1215 10000000 0.277445 3.981072e-08 500.000000 600.000000 Brem 
493 10000000 0.277445 2.511886e-08 500.000000 600.000000 Brem 
200 10000000 0.277445 1.584893e-08 500.000000 600.000000 Brem 
59 10000000 0.277445 1.000000e-08 500.000000 600.000000 Brem 
0 10000000 0.361459 1.000000e-03 500.000000 600.000000 Brem 
0 10000000 0.361459 6.309573e-04 500.000000 600.000000 Brem 
0 10000000 0.361459 3.981072e-04 500.000000 600.000000 Brem 
0 10000000 0.361459 2.511886e-04 500.000000 600.000000 Brem 
0 10000000 0.361459 1.584893e-04 500.000000 600.000000 Brem 
0 10000000 0.361459 1.000000e-04 500.000000 600.000000 Brem 
0 10000000 0.361459 6.309573e-05 500.000000 600.000000 Brem 
0 10000000 0.361459 3.981072e-05 500.000000 600.000000 Brem 
0 10000000 0.361459 2.511886e-05 500.000000 600.000000 Brem 
0 10000000 0.361459 1.584893e-05 500.000000 600.000000 Brem 
0 10000000 0.361459 1.000000e-05 500.000000 600.000000 Brem 
750 10000000 0.361459 6.309573e-06 500.000000 600.000000 Brem 
10000 2991954 0.361459 3.981072e-06 500.000000 600.000000 Brem 
10000 496796 0.361459 2.511886e-06 500.000000 600.000000 Brem 
10000 192269 0.361459 1.584893e-06 500.000000 600.000000 Brem 
10000 159737 0.361459 1.000000e-06 500.000000 600.000000 Brem 
10000 241264 0.361459 6.309573e-07 500.000000 600.000000 Brem 
10000 496204 0.361459 3.981072e-07 500.000000 600.000000 Brem 
10000 1120136 0.361459 2.511886e-07 500.000000 600.000000 Brem 
10000 2751394 0.361459 1.584893e-07 500.000000 600.000000 Brem 
10000 6772877 0.361459 1.000000e-07 500.000000 600.000000 Brem 
5808 10000000 0.361459 6.309573e-08 500.000000 600.000000 Brem 
2324 10000000 0.361459 3.981072e-08 500.000000 600.000000 Brem 
898 10000000 0.361459 2.511886e-08 500.000000 600.000000 Brem 
371 10000000 0.361459 1.584893e-08 500.000000 600.000000 Brem 
146 10000000 0.361459 1.000000e-08 500.000000 600.000000 Brem 
0 10000000 0.470915 1.000000e-03 500.000000 600.000000 Brem 
0 10000000 0.470915 6.309573e-04 500.000000 600.000000 Brem 
0 10000000 0.470915 3.981072e-04 500.000000 600.000000 Brem 
0 10000000 0.470915 2.511886e-04 500.000000 600.000000 Brem 
0 10000000 0.470915 1.584893e-04 500.000000 600.000000 Brem 
0 10000000 0.470915 1.000000e-04 500.000000 600.000000 Brem 
0 10000000 0.470915 6.309573e-05 500.000000 600.000000 Brem 
0 10000000 0.470915 3.981072e-05 500.000000 600.000000 Brem 
0 10000000 0.470915 2.511886e-05 500.000000 600.000000 Brem 
0 10000000 0.470915 1.584893e-05 500.000000 600.000000 Brem 
0 10000000 0.470915 1.000000e-05 500.000000 600.000000 Brem 
4 10000000 0.470915 6.309573e-06 500.000000 600.000000 Brem 
4703 10000000 0.470915 3.981072e-06 500.000000 600.000000 Brem 
10000 1257872 0.470915 2.511886e-06 500.000000 600.000000 Brem 
10000 328663 0.470915 1.584893e-06 500.000000 600.000000 Brem 
10000 166000 0.470915 1.000000e-06 500.000000 600.000000 Brem 
10000 176198 0.470915 6.309573e-07 500.000000 600.000000 Brem 
10000 301468 0.470915 3.981072e-07 500.000000 600.000000 Brem 
10000 633506 0.470915 2.511886e-07 500.000000 600.000000 Brem 
10000 1511534 0.470915 1.584893e-07 500.000000 600.000000 Brem 
10000 3670116 0.470915 1.000000e-07 500.000000 600.000000 Brem 
10000 9136017 0.470915 6.309573e-08 500.000000 600.000000 Brem 
4226 10000000 0.470915 3.981072e-08 500.000000 600.000000 Brem 
1738 10000000 0.470915 2.511886e-08 500.000000 600.000000 Brem 
722 10000000 0.470915 1.584893e-08 500.000000 600.000000 Brem 
265 10000000 0.470915 1.000000e-08 500.000000 600.000000 Brem 
0 10000000 0.613515 1.000000e-03 500.000000 600.000000 Brem 
0 10000000 0.613515 6.309573e-04 500.000000 600.000000 Brem 
0 10000000 0.613515 3.981072e-04 500.000000 600.000000 Brem 
0 10000000 0.613515 2.511886e-04 500.000000 600.000000 Brem 
0 10000000 0.613515 1.584893e-04 500.000000 600.000000 Brem 
0 10000000 0.613515 1.000000e-04 500.000000 600.000000 Brem 
0 10000000 0.613515 6.309573e-05 500.000000 600.000000 Brem 
0 10000000 0.613515 3.981072e-05 500.000000 600.000000 Brem 
0 10000000 0.613515 2.511886e-05 500.000000 600.000000 Brem 
0 10000000 0.613515 1.584893e-05 500.000000 600.000000 Brem 
0 10000000 0.613515 1.000000e-05 500.000000 600.000000 Brem 
0 10000000 0.613515 6.309573e-06 500.000000 600.000000 Brem 
1 10000000 0.613515 3.981072e-06 500.000000 600.000000 Brem 
4599 10000000 0.613515 2.511886e-06 500.000000 600.000000 Brem 
10000 1077763 0.613515 1.584893e-06 500.000000 600.000000 Brem 
10000 272108 0.613515 1.000000e-06 500.000000 600.000000 Brem 
10000 165568 0.613515 6.309573e-07 500.000000 600.000000 Brem 
10000 185708 0.613515 3.981072e-07 500.000000 600.000000 Brem 
10000 334443 0.613515 2.511886e-07 500.000000 600.000000 Brem 
10000 714512 0.613515 1.584893e-07 500.000000 600.000000 Brem 
10000 1684445 0.613515 1.000000e-07 500.000000 600.000000 Brem 
10000 4096050 0.613515 6.309573e-08 500.000000 600.000000 Brem 
9708 10000000 0.613515 3.981072e-08 500.000000 600.000000 Brem 
3978 10000000 0.613515 2.511886e-08 500.000000 600.000000 Brem 
1562 10000000 0.613515 1.584893e-08 500.000000 600.000000 Brem 
629 10000000 0.613515 1.000000e-08 500.000000 600.000000 Brem 
0 10000000 0.799296 1.000000e-03 500.000000 600.000000 Brem 
0 10000000 0.799296 6.309573e-04 500.000000 600.000000 Brem 
0 10000000 0.799296 3.981072e-04 500.000000 600.000000 Brem 
0 10000000 0.799296 2.511886e-04 500.000000 600.000000 Brem 
0 10000000 0.799296 1.584893e-04 500.000000 600.000000 Brem 
0 10000000 0.799296 1.000000e-04 500.000000 600.000000 Brem 
0 10000000 0.799296 6.309573e-05 500.000000 600.000000 Brem 
0 10000000 0.799296 3.981072e-05 500.000000 600.000000 Brem 
0 10000000 0.799296 2.511886e-05 500.000000 600.000000 Brem 
0 10000000 0.799296 1.584893e-05 500.000000 600.000000 Brem 
0 10000000 0.799296 1.000000e-05 500.000000 600.000000 Brem 
0 10000000 0.799296 6.309573e-06 500.000000 600.000000 Brem 
0 10000000 0.799296 3.981072e-06 500.000000 600.000000 Brem 
0 10000000 0.799296 2.511886e-06 500.000000 600.000000 Brem 
211 10000000 0.799296 1.584893e-06 500.000000 600.000000 Brem 
10000 3806277 0.799296 1.000000e-06 500.000000 600.000000 Brem 
10000 522177 0.799296 6.309573e-07 500.000000 600.000000 Brem 
10000 210379 0.799296 3.981072e-07 500.000000 600.000000 Brem 
10000 163836 0.799296 2.511886e-07 500.000000 600.000000 Brem 
10000 224625 0.799296 1.584893e-07 500.000000 600.000000 Brem 
10000 425930 0.799296 1.000000e-07 500.000000 600.000000 Brem 
10000 988834 0.799296 6.309573e-08 500.000000 600.000000 Brem 
10000 2356438 0.799296 3.981072e-08 500.000000 600.000000 Brem 
10000 5787106 0.799296 2.511886e-08 500.000000 600.000000 Brem 
6842 10000000 0.799296 1.584893e-08 500.000000 600.000000 Brem 
2638 10000000 0.799296 1.000000e-08 500.000000 600.000000 Brem 
0 10000000 1.041330 1.000000e-03 500.000000 600.000000 Brem 
0 10000000 1.041330 6.309573e-04 500.000000 600.000000 Brem 
0 10000000 1.041330 3.981072e-04 500.000000 600.000000 Brem 
0 10000000 1.041330 2.511886e-04 500.000000 600.000000 Brem 
0 10000000 1.041330 1.584893e-04 500.000000 600.000000 Brem 
0 10000000 1.041330 1.000000e-04 500.000000 600.000000 Brem 
0 10000000 1.041330 6.309573e-05 500.000000 600.000000 Brem 
0 10000000 1.041330 3.981072e-05 500.000000 600.000000 Brem 
0 10000000 1.041330 2.511886e-05 500.000000 600.000000 Brem 
0 10000000 1.041330 1.584893e-05 500.000000 600.000000 Brem 
0 10000000 1.041330 1.000000e-05 500.000000 600.000000 Brem 
0 10000000 1.041330 6.309573e-06 500.000000 600.000000 Brem 
0 10000000 1.041330 3.981072e-06 500.000000 600.000000 Brem 
1 10000000 1.041330 2.511886e-06 500.000000 600.000000 Brem 
2552 10000000 1.041330 1.584893e-06 500.000000 600.000000 Brem 
10000 1446283 1.041330 1.000000e-06 500.000000 600.000000 Brem 
10000 331708 1.041330 6.309573e-07 500.000000 600.000000 Brem 
10000 172340 1.041330 3.981072e-07 500.000000 600.000000 Brem 
10000 172788 1.041330 2.511886e-07 500.000000 600.000000 Brem 
10000 285892 1.041330 1.584893e-07 500.000000 600.000000 Brem 
10000 618708 1.041330 1.000000e-07 500.000000 600.000000 Brem 
10000 1472583 1.041330 6.309573e-08 500.000000 600.000000 Brem 
10000 3509751 1.041330 3.981072e-08 500.000000 600.000000 Brem 
10000 8814667 1.041330 2.511886e-08 500.000000 600.000000 Brem 
4549 10000000 1.041330 1.584893e-08 500.000000 600.000000 Brem 
1809 10000000 1.041330 1.000000e-08 500.000000 600.000000 Brem 
0 10000000 1.356670 1.000000e-03 500.000000 600.000000 Brem 
0 10000000 1.356670 6.309573e-04 500.000000 600.000000 Brem 
0 10000000 1.356670 3.981072e-04 500.000000 600.000000 Brem 
0 10000000 1.356670 2.511886e-04 500.000000 600.000000 Brem 
0 10000000 1.356670 1.584893e-04 500.000000 600.000000 Brem 
0 10000000 1.356670 1.000000e-04 500.000000 600.000000 Brem 
0 10000000 1.356670 6.309573e-05 500.000000 600.000000 Brem 
0 10000000 1.356670 3.981072e-05 500.000000 600.000000 Brem 
0 10000000 1.356670 2.511886e-05 500.000000 600.000000 Brem 
0 10000000 1.356670 1.584893e-05 500.000000 600.000000 Brem 
0 10000000 1.356670 1.000000e-05 500.000000 600.000000 Brem 
0 10000000 1.356670 6.309573e-06 500.000000 600.000000 Brem 
0 10000000 1.356670 3.981072e-06 500.000000 600.000000 Brem 
0 10000000 1.356670 2.511886e-06 500.000000 600.000000 Brem 
109 10000000 1.356670 1.584893e-06 500.000000 600.000000 Brem 
10000 4483017 1.356670 1.000000e-06 500.000000 600.000000 Brem 
10000 506814 1.356670 6.309573e-07 500.000000 600.000000 Brem 
10000 208975 1.356670 3.981072e-07 500.000000 600.000000 Brem 
10000 164768 1.356670 2.511886e-07 500.000000 600.000000 Brem 
10000 230080 1.356670 1.584893e-07 500.000000 600.000000 Brem 
10000 447339 1.356670 1.000000e-07 500.000000 600.000000 Brem 
10000 981739 1.356670 6.309573e-08 500.000000 600.000000 Brem 
10000 2345214 1.356670 3.981072e-08 500.000000 600.000000 Brem 
10000 5895902 1.356670 2.511886e-08 500.000000 600.000000 Brem 
6942 10000000 1.356670 1.584893e-08 500.000000 600.000000 Brem 
2730 10000000 1.356670 1.000000e-08 500.000000 600.000000 Brem 
0 10000000 1.767490 1.000000e-03 500.000000 600.000000 Brem 
0 10000000 1.767490 6.309573e-04 500.000000 600.000000 Brem 
0 10000000 1.767490 3.981072e-04 500.000000 600.000000 Brem 
0 10000000 1.767490 2.511886e-04 500.000000 600.000000 Brem 
0 10000000 1.767490 1.584893e-04 500.000000 600.000000 Brem 
0 10000000 1.767490 1.000000e-04 500.000000 600.000000 Brem 
0 10000000 1.767490 6.309573e-05 500.000000 600.000000 Brem 
0 10000000 1.767490 3.981072e-05 500.000000 600.000000 Brem 
0 10000000 1.767490 2.511886e-05 500.000000 600.000000 Brem 
0 10000000 1.767490 1.584893e-05 500.000000 600.000000 Brem 
0 10000000 1.767490 1.000000e-05 500.000000 600.000000 Brem 
0 10000000 1.767490 6.309573e-06 500.000000 600.000000 Brem 
0 10000000 1.767490 3.981072e-06 500.000000 600.000000 Brem 
0 10000000 1.767490 2.511886e-06 500.000000 600.000000 Brem 
0 10000000 1.767490 1.584893e-06 500.000000 600.000000 Brem 
250 10000000 1.767490 1.000000e-06 500.000000 600.000000 Brem 
10000 3301728 1.767490 6.309573e-07 500.000000 600.000000 Brem 
10000 451778 1.767490 3.981072e-07 500.000000 600.000000 Brem 
10000 194712 1.767490 2.511886e-07 500.000000 600.000000 Brem 
10000 166195 1.767490 1.584893e-07 500.000000 600.000000 Brem 
10000 240503 1.767490 1.000000e-07 500.000000 600.000000 Brem 
10000 473234 1.767490 6.309573e-08 500.000000 600.000000 Brem 
10000 1078609 1.767490 3.981072e-08 500.000000 600.000000 Brem 
10000 2656341 1.767490 2.511886e-08 500.000000 600.000000 Brem 
10000 6452342 1.767490 1.584893e-08 500.000000 600.000000 Brem 
6312 10000000 1.767490 1.000000e-08 500.000000 600.000000 Brem 
0 10000000 2.302710 1.000000e-03 500.000000 600.000000 Brem 
0 10000000 2.302710 6.309573e-04 500.000000 600.000000 Brem 
0 10000000 2.302710 3.981072e-04 500.000000 600.000000 Brem 
0 10000000 2.302710 2.511886e-04 500.000000 600.000000 Brem 
0 10000000 2.302710 1.584893e-04 500.000000 600.000000 Brem 
0 10000000 2.302710 1.000000e-04 500.000000 600.000000 Brem 
0 10000000 2.302710 6.309573e-05 500.000000 600.000000 Brem 
0 10000000 2.302710 3.981072e-05 500.000000 600.000000 Brem 
0 10000000 2.302710 2.511886e-05 500.000000 600.000000 Brem 
0 10000000 2.302710 1.584893e-05 500.000000 600.000000 Brem 
0 10000000 2.302710 1.000000e-05 500.000000 600.000000 Brem 
0 10000000 2.302710 6.309573e-06 500.000000 600.000000 Brem 
0 10000000 2.302710 3.981072e-06 500.000000 600.000000 Brem 
0 10000000 2.302710 2.511886e-06 500.000000 600.000000 Brem 
0 10000000 2.302710 1.584893e-06 500.000000 600.000000 Brem 
10 10000000 2.302710 1.000000e-06 500.000000 600.000000 Brem 
7200 10000000 2.302710 6.309573e-07 500.000000 600.000000 Brem 
10000 777711 2.302710 3.981072e-07 500.000000 600.000000 Brem 
10000 236038 2.302710 2.511886e-07 500.000000 600.000000 Brem 
10000 168180 2.302710 1.584893e-07 500.000000 600.000000 Brem 
10000 200338 2.302710 1.000000e-07 500.000000 600.000000 Brem 
10000 350842 2.302710 6.309573e-08 500.000000 600.000000 Brem 
10000 785632 2.302710 3.981072e-08 500.000000 600.000000 Brem 
10000 1846136 2.302710 2.511886e-08 500.000000 600.000000 Brem 
10000 4385383 2.302710 1.584893e-08 500.000000 600.000000 Brem 
8757 10000000 2.302710 1.000000e-08 500.000000 600.000000 Brem 
0 10000000 3.000000 1.000000e-03 500.000000 600.000000 Brem 
0 10000000 3.000000 6.309573e-04 500.000000 600.000000 Brem 
0 10000000 3.000000 3.981072e-04 500.000000 600.000000 Brem 
0 10000000 3.000000 2.511886e-04 500.000000 600.000000 Brem 
0 10000000 3.000000 1.584893e-04 500.000000 600.000000 Brem 
0 10000000 3.000000 1.000000e-04 500.000000 600.000000 Brem 
0 10000000 3.000000 6.309573e-05 500.000000 600.000000 Brem 
0 10000000 3.000000 3.981072e-05 500.000000 600.000000 Brem 
0 10000000 3.000000 2.511886e-05 500.000000 600.000000 Brem 
0 10000000 3.000000 1.584893e-05 500.000000 600.000000 Brem 
0 10000000 3.000000 1.000000e-05 500.000000 600.000000 Brem 
0 10000000 3.000000 6.309573e-06 500.000000 600.000000 Brem 
0 10000000 3.000000 3.981072e-06 500.000000 600.000000 Brem 
0 10000000 3.000000 2.511886e-06 500.000000 600.000000 Brem 
0 10000000 3.000000 1.584893e-06 500.000000 600.000000 Brem 
0 10000000 3.000000 1.000000e-06 500.000000 600.000000 Brem 
214 10000000 3.000000 6.309573e-07 500.000000 600.000000 Brem 
10000 3146756 3.000000 3.981072e-07 500.000000 600.000000 Brem 
10000 428994 3.000000 2.511886e-07 500.000000 600.000000 Brem 
10000 196635 3.000000 1.584893e-07 500.000000 600.000000 Brem 
10000 168132 3.000000 1.000000e-07 500.000000 600.000000 Brem 
10000 237749 3.000000 6.309573e-08 500.000000 600.000000 Brem 
10000 476750 3.000000 3.981072e-08 500.000000 600.000000 Brem 
10000 1061502 3.000000 2.511886e-08 500.000000 600.000000 Brem 
10000 2618417 3.000000 1.584893e-08 500.000000 600.000000 Brem 
10000 6338536 3.000000 1.000000e-08 500.000000 600.000000 Brem 
