0 10000000 0.001073 1.000000e-03 500.000000 600.000000 Brem 
0 10000000 0.001073 6.309573e-04 500.000000 600.000000 Brem 
0 10000000 0.001073 3.981072e-04 500.000000 600.000000 Brem 
0 10000000 0.001073 2.511886e-04 500.000000 600.000000 Brem 
0 10000000 0.001073 1.584893e-04 500.000000 600.000000 Brem 
0 10000000 0.001073 1.000000e-04 500.000000 600.000000 Brem 
0 10000000 0.001073 6.309573e-05 500.000000 600.000000 Brem 
0 10000000 0.001073 3.981072e-05 500.000000 600.000000 Brem 
0 10000000 0.001073 2.511886e-05 500.000000 600.000000 Brem 
0 10000000 0.001073 1.584893e-05 500.000000 600.000000 Brem 
0 10000000 0.001073 1.000000e-05 500.000000 600.000000 Brem 
0 10000000 0.001073 6.309573e-06 500.000000 600.000000 Brem 
0 10000000 0.001073 3.981072e-06 500.000000 600.000000 Brem 
0 10000000 0.001073 2.511886e-06 500.000000 600.000000 Brem 
0 10000000 0.001073 1.584893e-06 500.000000 600.000000 Brem 
0 10000000 0.001073 1.000000e-06 500.000000 600.000000 Brem 
0 10000000 0.001073 6.309573e-07 500.000000 600.000000 Brem 
0 10000000 0.001073 3.981072e-07 500.000000 600.000000 Brem 
0 10000000 0.001073 2.511886e-07 500.000000 600.000000 Brem 
0 10000000 0.001073 1.584893e-07 500.000000 600.000000 Brem 
0 10000000 0.001073 1.000000e-07 500.000000 600.000000 Brem 
0 10000000 0.001073 6.309573e-08 500.000000 600.000000 Brem 
0 10000000 0.001073 3.981072e-08 500.000000 600.000000 Brem 
0 10000000 0.001073 2.511886e-08 500.000000 600.000000 Brem 
0 10000000 0.001073 1.584893e-08 500.000000 600.000000 Brem 
0 10000000 0.001073 1.000000e-08 500.000000 600.000000 Brem 
0 10000000 0.001398 1.000000e-03 500.000000 600.000000 Brem 
0 10000000 0.001398 6.309573e-04 500.000000 600.000000 Brem 
0 10000000 0.001398 3.981072e-04 500.000000 600.000000 Brem 
0 10000000 0.001398 2.511886e-04 500.000000 600.000000 Brem 
0 10000000 0.001398 1.584893e-04 500.000000 600.000000 Brem 
0 10000000 0.001398 1.000000e-04 500.000000 600.000000 Brem 
0 10000000 0.001398 6.309573e-05 500.000000 600.000000 Brem 
0 10000000 0.001398 3.981072e-05 500.000000 600.000000 Brem 
0 10000000 0.001398 2.511886e-05 500.000000 600.000000 Brem 
0 10000000 0.001398 1.584893e-05 500.000000 600.000000 Brem 
0 10000000 0.001398 1.000000e-05 500.000000 600.000000 Brem 
0 10000000 0.001398 6.309573e-06 500.000000 600.000000 Brem 
0 10000000 0.001398 3.981072e-06 500.000000 600.000000 Brem 
0 10000000 0.001398 2.511886e-06 500.000000 600.000000 Brem 
0 10000000 0.001398 1.584893e-06 500.000000 600.000000 Brem 
0 10000000 0.001398 1.000000e-06 500.000000 600.000000 Brem 
0 10000000 0.001398 6.309573e-07 500.000000 600.000000 Brem 
0 10000000 0.001398 3.981072e-07 500.000000 600.000000 Brem 
0 10000000 0.001398 2.511886e-07 500.000000 600.000000 Brem 
0 10000000 0.001398 1.584893e-07 500.000000 600.000000 Brem 
0 10000000 0.001398 1.000000e-07 500.000000 600.000000 Brem 
0 10000000 0.001398 6.309573e-08 500.000000 600.000000 Brem 
0 10000000 0.001398 3.981072e-08 500.000000 600.000000 Brem 
0 10000000 0.001398 2.511886e-08 500.000000 600.000000 Brem 
0 10000000 0.001398 1.584893e-08 500.000000 600.000000 Brem 
0 10000000 0.001398 1.000000e-08 500.000000 600.000000 Brem 
0 10000000 0.001821 1.000000e-03 500.000000 600.000000 Brem 
0 10000000 0.001821 6.309573e-04 500.000000 600.000000 Brem 
0 10000000 0.001821 3.981072e-04 500.000000 600.000000 Brem 
0 10000000 0.001821 2.511886e-04 500.000000 600.000000 Brem 
0 10000000 0.001821 1.584893e-04 500.000000 600.000000 Brem 
0 10000000 0.001821 1.000000e-04 500.000000 600.000000 Brem 
0 10000000 0.001821 6.309573e-05 500.000000 600.000000 Brem 
0 10000000 0.001821 3.981072e-05 500.000000 600.000000 Brem 
0 10000000 0.001821 2.511886e-05 500.000000 600.000000 Brem 
0 10000000 0.001821 1.584893e-05 500.000000 600.000000 Brem 
0 10000000 0.001821 1.000000e-05 500.000000 600.000000 Brem 
0 10000000 0.001821 6.309573e-06 500.000000 600.000000 Brem 
0 10000000 0.001821 3.981072e-06 500.000000 600.000000 Brem 
0 10000000 0.001821 2.511886e-06 500.000000 600.000000 Brem 
0 10000000 0.001821 1.584893e-06 500.000000 600.000000 Brem 
0 10000000 0.001821 1.000000e-06 500.000000 600.000000 Brem 
0 10000000 0.001821 6.309573e-07 500.000000 600.000000 Brem 
0 10000000 0.001821 3.981072e-07 500.000000 600.000000 Brem 
0 10000000 0.001821 2.511886e-07 500.000000 600.000000 Brem 
0 10000000 0.001821 1.584893e-07 500.000000 600.000000 Brem 
0 10000000 0.001821 1.000000e-07 500.000000 600.000000 Brem 
0 10000000 0.001821 6.309573e-08 500.000000 600.000000 Brem 
0 10000000 0.001821 3.981072e-08 500.000000 600.000000 Brem 
0 10000000 0.001821 2.511886e-08 500.000000 600.000000 Brem 
0 10000000 0.001821 1.584893e-08 500.000000 600.000000 Brem 
0 10000000 0.001821 1.000000e-08 500.000000 600.000000 Brem 
0 10000000 0.002373 1.000000e-03 500.000000 600.000000 Brem 
0 10000000 0.002373 6.309573e-04 500.000000 600.000000 Brem 
0 10000000 0.002373 3.981072e-04 500.000000 600.000000 Brem 
0 10000000 0.002373 2.511886e-04 500.000000 600.000000 Brem 
0 10000000 0.002373 1.584893e-04 500.000000 600.000000 Brem 
0 10000000 0.002373 1.000000e-04 500.000000 600.000000 Brem 
0 10000000 0.002373 6.309573e-05 500.000000 600.000000 Brem 
0 10000000 0.002373 3.981072e-05 500.000000 600.000000 Brem 
0 10000000 0.002373 2.511886e-05 500.000000 600.000000 Brem 
0 10000000 0.002373 1.584893e-05 500.000000 600.000000 Brem 
0 10000000 0.002373 1.000000e-05 500.000000 600.000000 Brem 
0 10000000 0.002373 6.309573e-06 500.000000 600.000000 Brem 
0 10000000 0.002373 3.981072e-06 500.000000 600.000000 Brem 
0 10000000 0.002373 2.511886e-06 500.000000 600.000000 Brem 
0 10000000 0.002373 1.584893e-06 500.000000 600.000000 Brem 
0 10000000 0.002373 1.000000e-06 500.000000 600.000000 Brem 
0 10000000 0.002373 6.309573e-07 500.000000 600.000000 Brem 
0 10000000 0.002373 3.981072e-07 500.000000 600.000000 Brem 
0 10000000 0.002373 2.511886e-07 500.000000 600.000000 Brem 
0 10000000 0.002373 1.584893e-07 500.000000 600.000000 Brem 
0 10000000 0.002373 1.000000e-07 500.000000 600.000000 Brem 
0 10000000 0.002373 6.309573e-08 500.000000 600.000000 Brem 
0 10000000 0.002373 3.981072e-08 500.000000 600.000000 Brem 
0 10000000 0.002373 2.511886e-08 500.000000 600.000000 Brem 
0 10000000 0.002373 1.584893e-08 500.000000 600.000000 Brem 
0 10000000 0.002373 1.000000e-08 500.000000 600.000000 Brem 
0 10000000 0.003092 1.000000e-03 500.000000 600.000000 Brem 
0 10000000 0.003092 6.309573e-04 500.000000 600.000000 Brem 
0 10000000 0.003092 3.981072e-04 500.000000 600.000000 Brem 
0 10000000 0.003092 2.511886e-04 500.000000 600.000000 Brem 
0 10000000 0.003092 1.584893e-04 500.000000 600.000000 Brem 
0 10000000 0.003092 1.000000e-04 500.000000 600.000000 Brem 
0 10000000 0.003092 6.309573e-05 500.000000 600.000000 Brem 
0 10000000 0.003092 3.981072e-05 500.000000 600.000000 Brem 
0 10000000 0.003092 2.511886e-05 500.000000 600.000000 Brem 
0 10000000 0.003092 1.584893e-05 500.000000 600.000000 Brem 
0 10000000 0.003092 1.000000e-05 500.000000 600.000000 Brem 
0 10000000 0.003092 6.309573e-06 500.000000 600.000000 Brem 
0 10000000 0.003092 3.981072e-06 500.000000 600.000000 Brem 
0 10000000 0.003092 2.511886e-06 500.000000 600.000000 Brem 
0 10000000 0.003092 1.584893e-06 500.000000 600.000000 Brem 
0 10000000 0.003092 1.000000e-06 500.000000 600.000000 Brem 
0 10000000 0.003092 6.309573e-07 500.000000 600.000000 Brem 
0 10000000 0.003092 3.981072e-07 500.000000 600.000000 Brem 
0 10000000 0.003092 2.511886e-07 500.000000 600.000000 Brem 
0 10000000 0.003092 1.584893e-07 500.000000 600.000000 Brem 
0 10000000 0.003092 1.000000e-07 500.000000 600.000000 Brem 
0 10000000 0.003092 6.309573e-08 500.000000 600.000000 Brem 
0 10000000 0.003092 3.981072e-08 500.000000 600.000000 Brem 
0 10000000 0.003092 2.511886e-08 500.000000 600.000000 Brem 
0 10000000 0.003092 1.584893e-08 500.000000 600.000000 Brem 
0 10000000 0.003092 1.000000e-08 500.000000 600.000000 Brem 
0 10000000 0.004028 1.000000e-03 500.000000 600.000000 Brem 
0 10000000 0.004028 6.309573e-04 500.000000 600.000000 Brem 
0 10000000 0.004028 3.981072e-04 500.000000 600.000000 Brem 
0 10000000 0.004028 2.511886e-04 500.000000 600.000000 Brem 
0 10000000 0.004028 1.584893e-04 500.000000 600.000000 Brem 
0 10000000 0.004028 1.000000e-04 500.000000 600.000000 Brem 
0 10000000 0.004028 6.309573e-05 500.000000 600.000000 Brem 
0 10000000 0.004028 3.981072e-05 500.000000 600.000000 Brem 
0 10000000 0.004028 2.511886e-05 500.000000 600.000000 Brem 
0 10000000 0.004028 1.584893e-05 500.000000 600.000000 Brem 
0 10000000 0.004028 1.000000e-05 500.000000 600.000000 Brem 
0 10000000 0.004028 6.309573e-06 500.000000 600.000000 Brem 
0 10000000 0.004028 3.981072e-06 500.000000 600.000000 Brem 
0 10000000 0.004028 2.511886e-06 500.000000 600.000000 Brem 
0 10000000 0.004028 1.584893e-06 500.000000 600.000000 Brem 
0 10000000 0.004028 1.000000e-06 500.000000 600.000000 Brem 
0 10000000 0.004028 6.309573e-07 500.000000 600.000000 Brem 
0 10000000 0.004028 3.981072e-07 500.000000 600.000000 Brem 
0 10000000 0.004028 2.511886e-07 500.000000 600.000000 Brem 
0 10000000 0.004028 1.584893e-07 500.000000 600.000000 Brem 
0 10000000 0.004028 1.000000e-07 500.000000 600.000000 Brem 
0 10000000 0.004028 6.309573e-08 500.000000 600.000000 Brem 
0 10000000 0.004028 3.981072e-08 500.000000 600.000000 Brem 
0 10000000 0.004028 2.511886e-08 500.000000 600.000000 Brem 
0 10000000 0.004028 1.584893e-08 500.000000 600.000000 Brem 
0 10000000 0.004028 1.000000e-08 500.000000 600.000000 Brem 
0 10000000 0.005247 1.000000e-03 500.000000 600.000000 Brem 
0 10000000 0.005247 6.309573e-04 500.000000 600.000000 Brem 
0 10000000 0.005247 3.981072e-04 500.000000 600.000000 Brem 
0 10000000 0.005247 2.511886e-04 500.000000 600.000000 Brem 
0 10000000 0.005247 1.584893e-04 500.000000 600.000000 Brem 
0 10000000 0.005247 1.000000e-04 500.000000 600.000000 Brem 
0 10000000 0.005247 6.309573e-05 500.000000 600.000000 Brem 
0 10000000 0.005247 3.981072e-05 500.000000 600.000000 Brem 
0 10000000 0.005247 2.511886e-05 500.000000 600.000000 Brem 
0 10000000 0.005247 1.584893e-05 500.000000 600.000000 Brem 
0 10000000 0.005247 1.000000e-05 500.000000 600.000000 Brem 
0 10000000 0.005247 6.309573e-06 500.000000 600.000000 Brem 
0 10000000 0.005247 3.981072e-06 500.000000 600.000000 Brem 
0 10000000 0.005247 2.511886e-06 500.000000 600.000000 Brem 
0 10000000 0.005247 1.584893e-06 500.000000 600.000000 Brem 
0 10000000 0.005247 1.000000e-06 500.000000 600.000000 Brem 
0 10000000 0.005247 6.309573e-07 500.000000 600.000000 Brem 
0 10000000 0.005247 3.981072e-07 500.000000 600.000000 Brem 
0 10000000 0.005247 2.511886e-07 500.000000 600.000000 Brem 
0 10000000 0.005247 1.584893e-07 500.000000 600.000000 Brem 
0 10000000 0.005247 1.000000e-07 500.000000 600.000000 Brem 
0 10000000 0.005247 6.309573e-08 500.000000 600.000000 Brem 
0 10000000 0.005247 3.981072e-08 500.000000 600.000000 Brem 
0 10000000 0.005247 2.511886e-08 500.000000 600.000000 Brem 
0 10000000 0.005247 1.584893e-08 500.000000 600.000000 Brem 
0 10000000 0.005247 1.000000e-08 500.000000 600.000000 Brem 
0 10000000 0.006836 1.000000e-03 500.000000 600.000000 Brem 
0 10000000 0.006836 6.309573e-04 500.000000 600.000000 Brem 
0 10000000 0.006836 3.981072e-04 500.000000 600.000000 Brem 
0 10000000 0.006836 2.511886e-04 500.000000 600.000000 Brem 
0 10000000 0.006836 1.584893e-04 500.000000 600.000000 Brem 
0 10000000 0.006836 1.000000e-04 500.000000 600.000000 Brem 
0 10000000 0.006836 6.309573e-05 500.000000 600.000000 Brem 
0 10000000 0.006836 3.981072e-05 500.000000 600.000000 Brem 
0 10000000 0.006836 2.511886e-05 500.000000 600.000000 Brem 
0 10000000 0.006836 1.584893e-05 500.000000 600.000000 Brem 
0 10000000 0.006836 1.000000e-05 500.000000 600.000000 Brem 
0 10000000 0.006836 6.309573e-06 500.000000 600.000000 Brem 
0 10000000 0.006836 3.981072e-06 500.000000 600.000000 Brem 
0 10000000 0.006836 2.511886e-06 500.000000 600.000000 Brem 
0 10000000 0.006836 1.584893e-06 500.000000 600.000000 Brem 
0 10000000 0.006836 1.000000e-06 500.000000 600.000000 Brem 
0 10000000 0.006836 6.309573e-07 500.000000 600.000000 Brem 
0 10000000 0.006836 3.981072e-07 500.000000 600.000000 Brem 
0 10000000 0.006836 2.511886e-07 500.000000 600.000000 Brem 
0 10000000 0.006836 1.584893e-07 500.000000 600.000000 Brem 
0 10000000 0.006836 1.000000e-07 500.000000 600.000000 Brem 
0 10000000 0.006836 6.309573e-08 500.000000 600.000000 Brem 
0 10000000 0.006836 3.981072e-08 500.000000 600.000000 Brem 
0 10000000 0.006836 2.511886e-08 500.000000 600.000000 Brem 
0 10000000 0.006836 1.584893e-08 500.000000 600.000000 Brem 
0 10000000 0.006836 1.000000e-08 500.000000 600.000000 Brem 
0 10000000 0.008906 1.000000e-03 500.000000 600.000000 Brem 
0 10000000 0.008906 6.309573e-04 500.000000 600.000000 Brem 
0 10000000 0.008906 3.981072e-04 500.000000 600.000000 Brem 
0 10000000 0.008906 2.511886e-04 500.000000 600.000000 Brem 
0 10000000 0.008906 1.584893e-04 500.000000 600.000000 Brem 
0 10000000 0.008906 1.000000e-04 500.000000 600.000000 Brem 
0 10000000 0.008906 6.309573e-05 500.000000 600.000000 Brem 
0 10000000 0.008906 3.981072e-05 500.000000 600.000000 Brem 
0 10000000 0.008906 2.511886e-05 500.000000 600.000000 Brem 
0 10000000 0.008906 1.584893e-05 500.000000 600.000000 Brem 
0 10000000 0.008906 1.000000e-05 500.000000 600.000000 Brem 
0 10000000 0.008906 6.309573e-06 500.000000 600.000000 Brem 
0 10000000 0.008906 3.981072e-06 500.000000 600.000000 Brem 
0 10000000 0.008906 2.511886e-06 500.000000 600.000000 Brem 
0 10000000 0.008906 1.584893e-06 500.000000 600.000000 Brem 
0 10000000 0.008906 1.000000e-06 500.000000 600.000000 Brem 
0 10000000 0.008906 6.309573e-07 500.000000 600.000000 Brem 
0 10000000 0.008906 3.981072e-07 500.000000 600.000000 Brem 
0 10000000 0.008906 2.511886e-07 500.000000 600.000000 Brem 
0 10000000 0.008906 1.584893e-07 500.000000 600.000000 Brem 
0 10000000 0.008906 1.000000e-07 500.000000 600.000000 Brem 
0 10000000 0.008906 6.309573e-08 500.000000 600.000000 Brem 
0 10000000 0.008906 3.981072e-08 500.000000 600.000000 Brem 
0 10000000 0.008906 2.511886e-08 500.000000 600.000000 Brem 
0 10000000 0.008906 1.584893e-08 500.000000 600.000000 Brem 
0 10000000 0.008906 1.000000e-08 500.000000 600.000000 Brem 
0 10000000 0.011603 1.000000e-03 500.000000 600.000000 Brem 
0 10000000 0.011603 6.309573e-04 500.000000 600.000000 Brem 
82 10000000 0.011603 3.981072e-04 500.000000 600.000000 Brem 
10000 8762644 0.011603 2.511886e-04 500.000000 600.000000 Brem 
10000 916179 0.011603 1.584893e-04 500.000000 600.000000 Brem 
10000 264829 0.011603 1.000000e-04 500.000000 600.000000 Brem 
10000 157315 0.011603 6.309573e-05 500.000000 600.000000 Brem 
10000 191129 0.011603 3.981072e-05 500.000000 600.000000 Brem 
10000 368541 0.011603 2.511886e-05 500.000000 600.000000 Brem 
10000 812605 0.011603 1.584893e-05 500.000000 600.000000 Brem 
10000 1921997 0.011603 1.000000e-05 500.000000 600.000000 Brem 
10000 4805015 0.011603 6.309573e-06 500.000000 600.000000 Brem 
8455 10000000 0.011603 3.981072e-06 500.000000 600.000000 Brem 
3346 10000000 0.011603 2.511886e-06 500.000000 600.000000 Brem 
1419 10000000 0.011603 1.584893e-06 500.000000 600.000000 Brem 
524 10000000 0.011603 1.000000e-06 500.000000 600.000000 Brem 
202 10000000 0.011603 6.309573e-07 500.000000 600.000000 Brem 
73 10000000 0.011603 3.981072e-07 500.000000 600.000000 Brem 
35 10000000 0.011603 2.511886e-07 500.000000 600.000000 Brem 
6 10000000 0.011603 1.584893e-07 500.000000 600.000000 Brem 
4 10000000 0.011603 1.000000e-07 500.000000 600.000000 Brem 
1 10000000 0.011603 6.309573e-08 500.000000 600.000000 Brem 
1 10000000 0.011603 3.981072e-08 500.000000 600.000000 Brem 
0 10000000 0.011603 2.511886e-08 500.000000 600.000000 Brem 
0 10000000 0.011603 1.584893e-08 500.000000 600.000000 Brem 
0 10000000 0.011603 1.000000e-08 500.000000 600.000000 Brem 
0 10000000 0.015117 1.000000e-03 500.000000 600.000000 Brem 
0 10000000 0.015117 6.309573e-04 500.000000 600.000000 Brem 
0 10000000 0.015117 3.981072e-04 500.000000 600.000000 Brem 
146 10000000 0.015117 2.511886e-04 500.000000 600.000000 Brem 
10000 6841846 0.015117 1.584893e-04 500.000000 600.000000 Brem 
10000 742597 0.015117 1.000000e-04 500.000000 600.000000 Brem 
10000 221247 0.015117 6.309573e-05 500.000000 600.000000 Brem 
10000 154782 0.015117 3.981072e-05 500.000000 600.000000 Brem 
10000 210068 0.015117 2.511886e-05 500.000000 600.000000 Brem 
10000 403467 0.015117 1.584893e-05 500.000000 600.000000 Brem 
10000 889295 0.015117 1.000000e-05 500.000000 600.000000 Brem 
10000 2195189 0.015117 6.309573e-06 500.000000 600.000000 Brem 
10000 5399105 0.015117 3.981072e-06 500.000000 600.000000 Brem 
7440 10000000 0.015117 2.511886e-06 500.000000 600.000000 Brem 
2997 10000000 0.015117 1.584893e-06 500.000000 600.000000 Brem 
1199 10000000 0.015117 1.000000e-06 500.000000 600.000000 Brem 
443 10000000 0.015117 6.309573e-07 500.000000 600.000000 Brem 
191 10000000 0.015117 3.981072e-07 500.000000 600.000000 Brem 
73 10000000 0.015117 2.511886e-07 500.000000 600.000000 Brem 
26 10000000 0.015117 1.584893e-07 500.000000 600.000000 Brem 
10 10000000 0.015117 1.000000e-07 500.000000 600.000000 Brem 
3 10000000 0.015117 6.309573e-08 500.000000 600.000000 Brem 
3 10000000 0.015117 3.981072e-08 500.000000 600.000000 Brem 
0 10000000 0.015117 2.511886e-08 500.000000 600.000000 Brem 
0 10000000 0.015117 1.584893e-08 500.000000 600.000000 Brem 
0 10000000 0.015117 1.000000e-08 500.000000 600.000000 Brem 
0 10000000 0.019695 1.000000e-03 500.000000 600.000000 Brem 
0 10000000 0.019695 6.309573e-04 500.000000 600.000000 Brem 
0 10000000 0.019695 3.981072e-04 500.000000 600.000000 Brem 
0 10000000 0.019695 2.511886e-04 500.000000 600.000000 Brem 
1322 10000000 0.019695 1.584893e-04 500.000000 600.000000 Brem 
10000 2258942 0.019695 1.000000e-04 500.000000 600.000000 Brem 
10000 454412 0.019695 6.309573e-05 500.000000 600.000000 Brem 
10000 186424 0.019695 3.981072e-05 500.000000 600.000000 Brem 
10000 164214 0.019695 2.511886e-05 500.000000 600.000000 Brem 
10000 251023 0.019695 1.584893e-05 500.000000 600.000000 Brem 
10000 522293 0.019695 1.000000e-05 500.000000 600.000000 Brem 
10000 1215923 0.019695 6.309573e-06 500.000000 600.000000 Brem 
10000 2914848 0.019695 3.981072e-06 500.000000 600.000000 Brem 
10000 7245502 0.019695 2.511886e-06 500.000000 600.000000 Brem 
5478 10000000 0.019695 1.584893e-06 500.000000 600.000000 Brem 
2222 10000000 0.019695 1.000000e-06 500.000000 600.000000 Brem 
863 10000000 0.019695 6.309573e-07 500.000000 600.000000 Brem 
332 10000000 0.019695 3.981072e-07 500.000000 600.000000 Brem 
152 10000000 0.019695 2.511886e-07 500.000000 600.000000 Brem 
54 10000000 0.019695 1.584893e-07 500.000000 600.000000 Brem 
28 10000000 0.019695 1.000000e-07 500.000000 600.000000 Brem 
4 10000000 0.019695 6.309573e-08 500.000000 600.000000 Brem 
1 10000000 0.019695 3.981072e-08 500.000000 600.000000 Brem 
2 10000000 0.019695 2.511886e-08 500.000000 600.000000 Brem 
1 10000000 0.019695 1.584893e-08 500.000000 600.000000 Brem 
0 10000000 0.019695 1.000000e-08 500.000000 600.000000 Brem 
0 10000000 0.025659 1.000000e-03 500.000000 600.000000 Brem 
0 10000000 0.025659 6.309573e-04 500.000000 600.000000 Brem 
0 10000000 0.025659 3.981072e-04 500.000000 600.000000 Brem 
0 10000000 0.025659 2.511886e-04 500.000000 600.000000 Brem 
27 10000000 0.025659 1.584893e-04 500.000000 600.000000 Brem 
7409 10000000 0.025659 1.000000e-04 500.000000 600.000000 Brem 
10000 1098465 0.025659 6.309573e-05 500.000000 600.000000 Brem 
10000 274197 0.025659 3.981072e-05 500.000000 600.000000 Brem 
10000 156650 0.025659 2.511886e-05 500.000000 600.000000 Brem 
10000 186890 0.025659 1.584893e-05 500.000000 600.000000 Brem 
10000 342742 0.025659 1.000000e-05 500.000000 600.000000 Brem 
10000 754300 0.025659 6.309573e-06 500.000000 600.000000 Brem 
10000 1780485 0.025659 3.981072e-06 500.000000 600.000000 Brem 
10000 4254783 0.025659 2.511886e-06 500.000000 600.000000 Brem 
9155 10000000 0.025659 1.584893e-06 500.000000 600.000000 Brem 
3631 10000000 0.025659 1.000000e-06 500.000000 600.000000 Brem 
1459 10000000 0.025659 6.309573e-07 500.000000 600.000000 Brem 
587 10000000 0.025659 3.981072e-07 500.000000 600.000000 Brem 
228 10000000 0.025659 2.511886e-07 500.000000 600.000000 Brem 
89 10000000 0.025659 1.584893e-07 500.000000 600.000000 Brem 
42 10000000 0.025659 1.000000e-07 500.000000 600.000000 Brem 
17 10000000 0.025659 6.309573e-08 500.000000 600.000000 Brem 
9 10000000 0.025659 3.981072e-08 500.000000 600.000000 Brem 
3 10000000 0.025659 2.511886e-08 500.000000 600.000000 Brem 
0 10000000 0.025659 1.584893e-08 500.000000 600.000000 Brem 
0 10000000 0.025659 1.000000e-08 500.000000 600.000000 Brem 
0 10000000 0.033428 1.000000e-03 500.000000 600.000000 Brem 
0 10000000 0.033428 6.309573e-04 500.000000 600.000000 Brem 
0 10000000 0.033428 3.981072e-04 500.000000 600.000000 Brem 
0 10000000 0.033428 2.511886e-04 500.000000 600.000000 Brem 
0 10000000 0.033428 1.584893e-04 500.000000 600.000000 Brem 
469 10000000 0.033428 1.000000e-04 500.000000 600.000000 Brem 
10000 4478468 0.033428 6.309573e-05 500.000000 600.000000 Brem 
10000 682647 0.033428 3.981072e-05 500.000000 600.000000 Brem 
10000 203791 0.033428 2.511886e-05 500.000000 600.000000 Brem 
10000 153027 0.033428 1.584893e-05 500.000000 600.000000 Brem 
10000 222902 0.033428 1.000000e-05 500.000000 600.000000 Brem 
10000 449864 0.033428 6.309573e-06 500.000000 600.000000 Brem 
10000 1018191 0.033428 3.981072e-06 500.000000 600.000000 Brem 
10000 2413743 0.033428 2.511886e-06 500.000000 600.000000 Brem 
10000 6047194 0.033428 1.584893e-06 500.000000 600.000000 Brem 
6389 10000000 0.033428 1.000000e-06 500.000000 600.000000 Brem 
2647 10000000 0.033428 6.309573e-07 500.000000 600.000000 Brem 
998 10000000 0.033428 3.981072e-07 500.000000 600.000000 Brem 
404 10000000 0.033428 2.511886e-07 500.000000 600.000000 Brem 
159 10000000 0.033428 1.584893e-07 500.000000 600.000000 Brem 
79 10000000 0.033428 1.000000e-07 500.000000 600.000000 Brem 
31 10000000 0.033428 6.309573e-08 500.000000 600.000000 Brem 
10 10000000 0.033428 3.981072e-08 500.000000 600.000000 Brem 
7 10000000 0.033428 2.511886e-08 500.000000 600.000000 Brem 
5 10000000 0.033428 1.584893e-08 500.000000 600.000000 Brem 
0 10000000 0.033428 1.000000e-08 500.000000 600.000000 Brem 
0 10000000 0.043551 1.000000e-03 500.000000 600.000000 Brem 
0 10000000 0.043551 6.309573e-04 500.000000 600.000000 Brem 
0 10000000 0.043551 3.981072e-04 500.000000 600.000000 Brem 
0 10000000 0.043551 2.511886e-04 500.000000 600.000000 Brem 
0 10000000 0.043551 1.584893e-04 500.000000 600.000000 Brem 
7 10000000 0.043551 1.000000e-04 500.000000 600.000000 Brem 
3922 10000000 0.043551 6.309573e-05 500.000000 600.000000 Brem 
10000 1629380 0.043551 3.981072e-05 500.000000 600.000000 Brem 
10000 344413 0.043551 2.511886e-05 500.000000 600.000000 Brem 
10000 165185 0.043551 1.584893e-05 500.000000 600.000000 Brem 
10000 174772 0.043551 1.000000e-05 500.000000 600.000000 Brem 
10000 300042 0.043551 6.309573e-06 500.000000 600.000000 Brem 
10000 655285 0.043551 3.981072e-06 500.000000 600.000000 Brem 
10000 1519865 0.043551 2.511886e-06 500.000000 600.000000 Brem 
10000 3672647 0.043551 1.584893e-06 500.000000 600.000000 Brem 
10000 9344958 0.043551 1.000000e-06 500.000000 600.000000 Brem 
4311 10000000 0.043551 6.309573e-07 500.000000 600.000000 Brem 
1785 10000000 0.043551 3.981072e-07 500.000000 600.000000 Brem 
694 10000000 0.043551 2.511886e-07 500.000000 600.000000 Brem 
253 10000000 0.043551 1.584893e-07 500.000000 600.000000 Brem 
109 10000000 0.043551 1.000000e-07 500.000000 600.000000 Brem 
46 10000000 0.043551 6.309573e-08 500.000000 600.000000 Brem 
13 10000000 0.043551 3.981072e-08 500.000000 600.000000 Brem 
5 10000000 0.043551 2.511886e-08 500.000000 600.000000 Brem 
2 10000000 0.043551 1.584893e-08 500.000000 600.000000 Brem 
1 10000000 0.043551 1.000000e-08 500.000000 600.000000 Brem 
0 10000000 0.056739 1.000000e-03 500.000000 600.000000 Brem 
0 10000000 0.056739 6.309573e-04 500.000000 600.000000 Brem 
0 10000000 0.056739 3.981072e-04 500.000000 600.000000 Brem 
0 10000000 0.056739 2.511886e-04 500.000000 600.000000 Brem 
0 10000000 0.056739 1.584893e-04 500.000000 600.000000 Brem 
0 10000000 0.056739 1.000000e-04 500.000000 600.000000 Brem 
165 10000000 0.056739 6.309573e-05 500.000000 600.000000 Brem 
10000 5252724 0.056739 3.981072e-05 500.000000 600.000000 Brem 
10000 631542 0.056739 2.511886e-05 500.000000 600.000000 Brem 
10000 218606 0.056739 1.584893e-05 500.000000 600.000000 Brem 
10000 156435 0.056739 1.000000e-05 500.000000 600.000000 Brem 
10000 218367 0.056739 6.309573e-06 500.000000 600.000000 Brem 
10000 429017 0.056739 3.981072e-06 500.000000 600.000000 Brem 
10000 974223 0.056739 2.511886e-06 500.000000 600.000000 Brem 
10000 2298614 0.056739 1.584893e-06 500.000000 600.000000 Brem 
10000 5685542 0.056739 1.000000e-06 500.000000 600.000000 Brem 
6920 10000000 0.056739 6.309573e-07 500.000000 600.000000 Brem 
2769 10000000 0.056739 3.981072e-07 500.000000 600.000000 Brem 
1111 10000000 0.056739 2.511886e-07 500.000000 600.000000 Brem 
440 10000000 0.056739 1.584893e-07 500.000000 600.000000 Brem 
180 10000000 0.056739 1.000000e-07 500.000000 600.000000 Brem 
82 10000000 0.056739 6.309573e-08 500.000000 600.000000 Brem 
32 10000000 0.056739 3.981072e-08 500.000000 600.000000 Brem 
7 10000000 0.056739 2.511886e-08 500.000000 600.000000 Brem 
3 10000000 0.056739 1.584893e-08 500.000000 600.000000 Brem 
4 10000000 0.056739 1.000000e-08 500.000000 600.000000 Brem 
0 10000000 0.073920 1.000000e-03 500.000000 600.000000 Brem 
0 10000000 0.073920 6.309573e-04 500.000000 600.000000 Brem 
0 10000000 0.073920 3.981072e-04 500.000000 600.000000 Brem 
0 10000000 0.073920 2.511886e-04 500.000000 600.000000 Brem 
0 10000000 0.073920 1.584893e-04 500.000000 600.000000 Brem 
0 10000000 0.073920 1.000000e-04 500.000000 600.000000 Brem 
3 10000000 0.073920 6.309573e-05 500.000000 600.000000 Brem 
2466 10000000 0.073920 3.981072e-05 500.000000 600.000000 Brem 
10000 1810467 0.073920 2.511886e-05 500.000000 600.000000 Brem 
10000 391639 0.073920 1.584893e-05 500.000000 600.000000 Brem 
10000 172753 0.073920 1.000000e-05 500.000000 600.000000 Brem 
10000 168409 0.073920 6.309573e-06 500.000000 600.000000 Brem 
10000 272032 0.073920 3.981072e-06 500.000000 600.000000 Brem 
10000 578766 0.073920 2.511886e-06 500.000000 600.000000 Brem 
10000 1315696 0.073920 1.584893e-06 500.000000 600.000000 Brem 
10000 3241232 0.073920 1.000000e-06 500.000000 600.000000 Brem 
10000 7954714 0.073920 6.309573e-07 500.000000 600.000000 Brem 
4940 10000000 0.073920 3.981072e-07 500.000000 600.000000 Brem 
2046 10000000 0.073920 2.511886e-07 500.000000 600.000000 Brem 
728 10000000 0.073920 1.584893e-07 500.000000 600.000000 Brem 
327 10000000 0.073920 1.000000e-07 500.000000 600.000000 Brem 
126 10000000 0.073920 6.309573e-08 500.000000 600.000000 Brem 
40 10000000 0.073920 3.981072e-08 500.000000 600.000000 Brem 
27 10000000 0.073920 2.511886e-08 500.000000 600.000000 Brem 
4 10000000 0.073920 1.584893e-08 500.000000 600.000000 Brem 
6 10000000 0.073920 1.000000e-08 500.000000 600.000000 Brem 
0 10000000 0.096304 1.000000e-03 500.000000 600.000000 Brem 
0 10000000 0.096304 6.309573e-04 500.000000 600.000000 Brem 
0 10000000 0.096304 3.981072e-04 500.000000 600.000000 Brem 
0 10000000 0.096304 2.511886e-04 500.000000 600.000000 Brem 
0 10000000 0.096304 1.584893e-04 500.000000 600.000000 Brem 
0 10000000 0.096304 1.000000e-04 500.000000 600.000000 Brem 
0 10000000 0.096304 6.309573e-05 500.000000 600.000000 Brem 
52 10000000 0.096304 3.981072e-05 500.000000 600.000000 Brem 
10000 8911033 0.096304 2.511886e-05 500.000000 600.000000 Brem 
10000 900312 0.096304 1.584893e-05 500.000000 600.000000 Brem 
10000 260423 0.096304 1.000000e-05 500.000000 600.000000 Brem 
10000 155685 0.096304 6.309573e-06 500.000000 600.000000 Brem 
10000 194144 0.096304 3.981072e-06 500.000000 600.000000 Brem 
10000 362239 0.096304 2.511886e-06 500.000000 600.000000 Brem 
10000 798889 0.096304 1.584893e-06 500.000000 600.000000 Brem 
10000 1933932 0.096304 1.000000e-06 500.000000 600.000000 Brem 
10000 4830930 0.096304 6.309573e-07 500.000000 600.000000 Brem 
8403 10000000 0.096304 3.981072e-07 500.000000 600.000000 Brem 
3306 10000000 0.096304 2.511886e-07 500.000000 600.000000 Brem 
1337 10000000 0.096304 1.584893e-07 500.000000 600.000000 Brem 
507 10000000 0.096304 1.000000e-07 500.000000 600.000000 Brem 
224 10000000 0.096304 6.309573e-08 500.000000 600.000000 Brem 
89 10000000 0.096304 3.981072e-08 500.000000 600.000000 Brem 
39 10000000 0.096304 2.511886e-08 500.000000 600.000000 Brem 
19 10000000 0.096304 1.584893e-08 500.000000 600.000000 Brem 
4 10000000 0.096304 1.000000e-08 500.000000 600.000000 Brem 
0 10000000 0.125467 1.000000e-03 500.000000 600.000000 Brem 
0 10000000 0.125467 6.309573e-04 500.000000 600.000000 Brem 
0 10000000 0.125467 3.981072e-04 500.000000 600.000000 Brem 
0 10000000 0.125467 2.511886e-04 500.000000 600.000000 Brem 
0 10000000 0.125467 1.584893e-04 500.000000 600.000000 Brem 
0 10000000 0.125467 1.000000e-04 500.000000 600.000000 Brem 
0 10000000 0.125467 6.309573e-05 500.000000 600.000000 Brem 
0 10000000 0.125467 3.981072e-05 500.000000 600.000000 Brem 
1065 10000000 0.125467 2.511886e-05 500.000000 600.000000 Brem 
10000 2685964 0.125467 1.584893e-05 500.000000 600.000000 Brem 
10000 459210 0.125467 1.000000e-05 500.000000 600.000000 Brem 
10000 185836 0.125467 6.309573e-06 500.000000 600.000000 Brem 
10000 160996 0.125467 3.981072e-06 500.000000 600.000000 Brem 
10000 252797 0.125467 2.511886e-06 500.000000 600.000000 Brem 
10000 516609 0.125467 1.584893e-06 500.000000 600.000000 Brem 
10000 1216898 0.125467 1.000000e-06 500.000000 600.000000 Brem 
10000 2911371 0.125467 6.309573e-07 500.000000 600.000000 Brem 
10000 7259211 0.125467 3.981072e-07 500.000000 600.000000 Brem 
5471 10000000 0.125467 2.511886e-07 500.000000 600.000000 Brem 
2228 10000000 0.125467 1.584893e-07 500.000000 600.000000 Brem 
910 10000000 0.125467 1.000000e-07 500.000000 600.000000 Brem 
369 10000000 0.125467 6.309573e-08 500.000000 600.000000 Brem 
130 10000000 0.125467 3.981072e-08 500.000000 600.000000 Brem 
61 10000000 0.125467 2.511886e-08 500.000000 600.000000 Brem 
14 10000000 0.125467 1.584893e-08 500.000000 600.000000 Brem 
9 10000000 0.125467 1.000000e-08 500.000000 600.000000 Brem 
0 10000000 0.163460 1.000000e-03 500.000000 600.000000 Brem 
0 10000000 0.163460 6.309573e-04 500.000000 600.000000 Brem 
0 10000000 0.163460 3.981072e-04 500.000000 600.000000 Brem 
0 10000000 0.163460 2.511886e-04 500.000000 600.000000 Brem 
0 10000000 0.163460 1.584893e-04 500.000000 600.000000 Brem 
0 10000000 0.163460 1.000000e-04 500.000000 600.000000 Brem 
0 10000000 0.163460 6.309573e-05 500.000000 600.000000 Brem 
0 10000000 0.163460 3.981072e-05 500.000000 600.000000 Brem 
18 10000000 0.163460 2.511886e-05 500.000000 600.000000 Brem 
7402 10000000 0.163460 1.584893e-05 500.000000 600.000000 Brem 
10000 1118161 0.163460 1.000000e-05 500.000000 600.000000 Brem 
10000 285739 0.163460 6.309573e-06 500.000000 600.000000 Brem 
10000 159036 0.163460 3.981072e-06 500.000000 600.000000 Brem 
10000 185609 0.163460 2.511886e-06 500.000000 600.000000 Brem 
10000 333958 0.163460 1.584893e-06 500.000000 600.000000 Brem 
10000 742065 0.163460 1.000000e-06 500.000000 600.000000 Brem 
10000 1744101 0.163460 6.309573e-07 500.000000 600.000000 Brem 
10000 4240375 0.163460 3.981072e-07 500.000000 600.000000 Brem 
9373 10000000 0.163460 2.511886e-07 500.000000 600.000000 Brem 
3815 10000000 0.163460 1.584893e-07 500.000000 600.000000 Brem 
1536 10000000 0.163460 1.000000e-07 500.000000 600.000000 Brem 
568 10000000 0.163460 6.309573e-08 500.000000 600.000000 Brem 
224 10000000 0.163460 3.981072e-08 500.000000 600.000000 Brem 
107 10000000 0.163460 2.511886e-08 500.000000 600.000000 Brem 
32 10000000 0.163460 1.584893e-08 500.000000 600.000000 Brem 
15 10000000 0.163460 1.000000e-08 500.000000 600.000000 Brem 
0 10000000 0.212958 1.000000e-03 500.000000 600.000000 Brem 
0 10000000 0.212958 6.309573e-04 500.000000 600.000000 Brem 
0 10000000 0.212958 3.981072e-04 500.000000 600.000000 Brem 
0 10000000 0.212958 2.511886e-04 500.000000 600.000000 Brem 
0 10000000 0.212958 1.584893e-04 500.000000 600.000000 Brem 
0 10000000 0.212958 1.000000e-04 500.000000 600.000000 Brem 
0 10000000 0.212958 6.309573e-05 500.000000 600.000000 Brem 
0 10000000 0.212958 3.981072e-05 500.000000 600.000000 Brem 
0 10000000 0.212958 2.511886e-05 500.000000 600.000000 Brem 
214 10000000 0.212958 1.584893e-05 500.000000 600.000000 Brem 
10000 4958666 0.212958 1.000000e-05 500.000000 600.000000 Brem 
10000 674556 0.212958 6.309573e-06 500.000000 600.000000 Brem 
10000 227001 0.212958 3.981072e-06 500.000000 600.000000 Brem 
10000 157075 0.212958 2.511886e-06 500.000000 600.000000 Brem 
10000 205837 0.212958 1.584893e-06 500.000000 600.000000 Brem 
10000 405775 0.212958 1.000000e-06 500.000000 600.000000 Brem 
10000 919912 0.212958 6.309573e-07 500.000000 600.000000 Brem 
10000 2211587 0.212958 3.981072e-07 500.000000 600.000000 Brem 
10000 5387096 0.212958 2.511886e-07 500.000000 600.000000 Brem 
7474 10000000 0.212958 1.584893e-07 500.000000 600.000000 Brem 
2976 10000000 0.212958 1.000000e-07 500.000000 600.000000 Brem 
1129 10000000 0.212958 6.309573e-08 500.000000 600.000000 Brem 
472 10000000 0.212958 3.981072e-08 500.000000 600.000000 Brem 
174 10000000 0.212958 2.511886e-08 500.000000 600.000000 Brem 
80 10000000 0.212958 1.584893e-08 500.000000 600.000000 Brem 
24 10000000 0.212958 1.000000e-08 500.000000 600.000000 Brem 
0 10000000 0.277445 1.000000e-03 500.000000 600.000000 Brem 
0 10000000 0.277445 6.309573e-04 500.000000 600.000000 Brem 
0 10000000 0.277445 3.981072e-04 500.000000 600.000000 Brem 
0 10000000 0.277445 2.511886e-04 500.000000 600.000000 Brem 
0 10000000 0.277445 1.584893e-04 500.000000 600.000000 Brem 
0 10000000 0.277445 1.000000e-04 500.000000 600.000000 Brem 
0 10000000 0.277445 6.309573e-05 500.000000 600.000000 Brem 
0 10000000 0.277445 3.981072e-05 500.000000 600.000000 Brem 
0 10000000 0.277445 2.511886e-05 500.000000 600.000000 Brem 
0 10000000 0.277445 1.584893e-05 500.000000 600.000000 Brem 
149 10000000 0.277445 1.000000e-05 500.000000 600.000000 Brem 
10000 6660104 0.277445 6.309573e-06 500.000000 600.000000 Brem 
10000 716507 0.277445 3.981072e-06 500.000000 600.000000 Brem 
10000 227473 0.277445 2.511886e-06 500.000000 600.000000 Brem 
10000 156347 0.277445 1.584893e-06 500.000000 600.000000 Brem 
10000 209903 0.277445 1.000000e-06 500.000000 600.000000 Brem 
10000 397292 0.277445 6.309573e-07 500.000000 600.000000 Brem 
10000 895792 0.277445 3.981072e-07 500.000000 600.000000 Brem 
10000 2144362 0.277445 2.511886e-07 500.000000 600.000000 Brem 
10000 5343681 0.277445 1.584893e-07 500.000000 600.000000 Brem 
7504 10000000 0.277445 1.000000e-07 500.000000 600.000000 Brem 
2998 10000000 0.277445 6.309573e-08 500.000000 600.000000 Brem 
1215 10000000 0.277445 3.981072e-08 500.000000 600.000000 Brem 
493 10000000 0.277445 2.511886e-08 500.000000 600.000000 Brem 
200 10000000 0.277445 1.584893e-08 500.000000 600.000000 Brem 
59 10000000 0.277445 1.000000e-08 500.000000 600.000000 Brem 
0 10000000 0.361459 1.000000e-03 500.000000 600.000000 Brem 
0 10000000 0.361459 6.309573e-04 500.000000 600.000000 Brem 
0 10000000 0.361459 3.981072e-04 500.000000 600.000000 Brem 
0 10000000 0.361459 2.511886e-04 500.000000 600.000000 Brem 
0 10000000 0.361459 1.584893e-04 500.000000 600.000000 Brem 
0 10000000 0.361459 1.000000e-04 500.000000 600.000000 Brem 
0 10000000 0.361459 6.309573e-05 500.000000 600.000000 Brem 
0 10000000 0.361459 3.981072e-05 500.000000 600.000000 Brem 
0 10000000 0.361459 2.511886e-05 500.000000 600.000000 Brem 
0 10000000 0.361459 1.584893e-05 500.000000 600.000000 Brem 
0 10000000 0.361459 1.000000e-05 500.000000 600.000000 Brem 
750 10000000 0.361459 6.309573e-06 500.000000 600.000000 Brem 
10000 2991954 0.361459 3.981072e-06 500.000000 600.000000 Brem 
10000 496796 0.361459 2.511886e-06 500.000000 600.000000 Brem 
10000 192269 0.361459 1.584893e-06 500.000000 600.000000 Brem 
10000 159737 0.361459 1.000000e-06 500.000000 600.000000 Brem 
10000 241264 0.361459 6.309573e-07 500.000000 600.000000 Brem 
10000 496204 0.361459 3.981072e-07 500.000000 600.000000 Brem 
10000 1120136 0.361459 2.511886e-07 500.000000 600.000000 Brem 
10000 2751394 0.361459 1.584893e-07 500.000000 600.000000 Brem 
10000 6772877 0.361459 1.000000e-07 500.000000 600.000000 Brem 
5808 10000000 0.361459 6.309573e-08 500.000000 600.000000 Brem 
2324 10000000 0.361459 3.981072e-08 500.000000 600.000000 Brem 
898 10000000 0.361459 2.511886e-08 500.000000 600.000000 Brem 
371 10000000 0.361459 1.584893e-08 500.000000 600.000000 Brem 
146 10000000 0.361459 1.000000e-08 500.000000 600.000000 Brem 
0 10000000 0.470915 1.000000e-03 500.000000 600.000000 Brem 
0 10000000 0.470915 6.309573e-04 500.000000 600.000000 Brem 
0 10000000 0.470915 3.981072e-04 500.000000 600.000000 Brem 
0 10000000 0.470915 2.511886e-04 500.000000 600.000000 Brem 
0 10000000 0.470915 1.584893e-04 500.000000 600.000000 Brem 
0 10000000 0.470915 1.000000e-04 500.000000 600.000000 Brem 
0 10000000 0.470915 6.309573e-05 500.000000 600.000000 Brem 
0 10000000 0.470915 3.981072e-05 500.000000 600.000000 Brem 
0 10000000 0.470915 2.511886e-05 500.000000 600.000000 Brem 
0 10000000 0.470915 1.584893e-05 500.000000 600.000000 Brem 
0 10000000 0.470915 1.000000e-05 500.000000 600.000000 Brem 
4 10000000 0.470915 6.309573e-06 500.000000 600.000000 Brem 
4703 10000000 0.470915 3.981072e-06 500.000000 600.000000 Brem 
10000 1257872 0.470915 2.511886e-06 500.000000 600.000000 Brem 
10000 328663 0.470915 1.584893e-06 500.000000 600.000000 Brem 
10000 166000 0.470915 1.000000e-06 500.000000 600.000000 Brem 
10000 176198 0.470915 6.309573e-07 500.000000 600.000000 Brem 
10000 301468 0.470915 3.981072e-07 500.000000 600.000000 Brem 
10000 633506 0.470915 2.511886e-07 500.000000 600.000000 Brem 
10000 1511534 0.470915 1.584893e-07 500.000000 600.000000 Brem 
10000 3670116 0.470915 1.000000e-07 500.000000 600.000000 Brem 
10000 9136017 0.470915 6.309573e-08 500.000000 600.000000 Brem 
4226 10000000 0.470915 3.981072e-08 500.000000 600.000000 Brem 
1738 10000000 0.470915 2.511886e-08 500.000000 600.000000 Brem 
722 10000000 0.470915 1.584893e-08 500.000000 600.000000 Brem 
265 10000000 0.470915 1.000000e-08 500.000000 600.000000 Brem 
0 10000000 0.613515 1.000000e-03 500.000000 600.000000 Brem 
0 10000000 0.613515 6.309573e-04 500.000000 600.000000 Brem 
0 10000000 0.613515 3.981072e-04 500.000000 600.000000 Brem 
0 10000000 0.613515 2.511886e-04 500.000000 600.000000 Brem 
0 10000000 0.613515 1.584893e-04 500.000000 600.000000 Brem 
0 10000000 0.613515 1.000000e-04 500.000000 600.000000 Brem 
0 10000000 0.613515 6.309573e-05 500.000000 600.000000 Brem 
0 10000000 0.613515 3.981072e-05 500.000000 600.000000 Brem 
0 10000000 0.613515 2.511886e-05 500.000000 600.000000 Brem 
0 10000000 0.613515 1.584893e-05 500.000000 600.000000 Brem 
0 10000000 0.613515 1.000000e-05 500.000000 600.000000 Brem 
0 10000000 0.613515 6.309573e-06 500.000000 600.000000 Brem 
1 10000000 0.613515 3.981072e-06 500.000000 600.000000 Brem 
4599 10000000 0.613515 2.511886e-06 500.000000 600.000000 Brem 
10000 1077763 0.613515 1.584893e-06 500.000000 600.000000 Brem 
10000 272108 0.613515 1.000000e-06 500.000000 600.000000 Brem 
10000 165568 0.613515 6.309573e-07 500.000000 600.000000 Brem 
10000 185708 0.613515 3.981072e-07 500.000000 600.000000 Brem 
10000 334443 0.613515 2.511886e-07 500.000000 600.000000 Brem 
10000 714512 0.613515 1.584893e-07 500.000000 600.000000 Brem 
10000 1684445 0.613515 1.000000e-07 500.000000 600.000000 Brem 
10000 4096050 0.613515 6.309573e-08 500.000000 600.000000 Brem 
9708 10000000 0.613515 3.981072e-08 500.000000 600.000000 Brem 
3978 10000000 0.613515 2.511886e-08 500.000000 600.000000 Brem 
1562 10000000 0.613515 1.584893e-08 500.000000 600.000000 Brem 
629 10000000 0.613515 1.000000e-08 500.000000 600.000000 Brem 
0 10000000 0.799296 1.000000e-03 500.000000 600.000000 Brem 
0 10000000 0.799296 6.309573e-04 500.000000 600.000000 Brem 
0 10000000 0.799296 3.981072e-04 500.000000 600.000000 Brem 
0 10000000 0.799296 2.511886e-04 500.000000 600.000000 Brem 
0 10000000 0.799296 1.584893e-04 500.000000 600.000000 Brem 
0 10000000 0.799296 1.000000e-04 500.000000 600.000000 Brem 
0 10000000 0.799296 6.309573e-05 500.000000 600.000000 Brem 
0 10000000 0.799296 3.981072e-05 500.000000 600.000000 Brem 
0 10000000 0.799296 2.511886e-05 500.000000 600.000000 Brem 
0 10000000 0.799296 1.584893e-05 500.000000 600.000000 Brem 
0 10000000 0.799296 1.000000e-05 500.000000 600.000000 Brem 
0 10000000 0.799296 6.309573e-06 500.000000 600.000000 Brem 
0 10000000 0.799296 3.981072e-06 500.000000 600.000000 Brem 
0 10000000 0.799296 2.511886e-06 500.000000 600.000000 Brem 
211 10000000 0.799296 1.584893e-06 500.000000 600.000000 Brem 
10000 3806277 0.799296 1.000000e-06 500.000000 600.000000 Brem 
10000 522177 0.799296 6.309573e-07 500.000000 600.000000 Brem 
10000 210379 0.799296 3.981072e-07 500.000000 600.000000 Brem 
10000 163836 0.799296 2.511886e-07 500.000000 600.000000 Brem 
10000 224625 0.799296 1.584893e-07 500.000000 600.000000 Brem 
10000 425930 0.799296 1.000000e-07 500.000000 600.000000 Brem 
10000 988834 0.799296 6.309573e-08 500.000000 600.000000 Brem 
10000 2356438 0.799296 3.981072e-08 500.000000 600.000000 Brem 
10000 5787106 0.799296 2.511886e-08 500.000000 600.000000 Brem 
6842 10000000 0.799296 1.584893e-08 500.000000 600.000000 Brem 
2638 10000000 0.799296 1.000000e-08 500.000000 600.000000 Brem 
0 10000000 1.041330 1.000000e-03 500.000000 600.000000 Brem 
0 10000000 1.041330 6.309573e-04 500.000000 600.000000 Brem 
0 10000000 1.041330 3.981072e-04 500.000000 600.000000 Brem 
0 10000000 1.041330 2.511886e-04 500.000000 600.000000 Brem 
0 10000000 1.041330 1.584893e-04 500.000000 600.000000 Brem 
0 10000000 1.041330 1.000000e-04 500.000000 600.000000 Brem 
0 10000000 1.041330 6.309573e-05 500.000000 600.000000 Brem 
0 10000000 1.041330 3.981072e-05 500.000000 600.000000 Brem 
0 10000000 1.041330 2.511886e-05 500.000000 600.000000 Brem 
0 10000000 1.041330 1.584893e-05 500.000000 600.000000 Brem 
0 10000000 1.041330 1.000000e-05 500.000000 600.000000 Brem 
0 10000000 1.041330 6.309573e-06 500.000000 600.000000 Brem 
0 10000000 1.041330 3.981072e-06 500.000000 600.000000 Brem 
1 10000000 1.041330 2.511886e-06 500.000000 600.000000 Brem 
2552 10000000 1.041330 1.584893e-06 500.000000 600.000000 Brem 
10000 1446283 1.041330 1.000000e-06 500.000000 600.000000 Brem 
10000 331708 1.041330 6.309573e-07 500.000000 600.000000 Brem 
10000 172340 1.041330 3.981072e-07 500.000000 600.000000 Brem 
10000 172788 1.041330 2.511886e-07 500.000000 600.000000 Brem 
10000 285892 1.041330 1.584893e-07 500.000000 600.000000 Brem 
10000 618708 1.041330 1.000000e-07 500.000000 600.000000 Brem 
10000 1472583 1.041330 6.309573e-08 500.000000 600.000000 Brem 
10000 3509751 1.041330 3.981072e-08 500.000000 600.000000 Brem 
10000 8814667 1.041330 2.511886e-08 500.000000 600.000000 Brem 
4549 10000000 1.041330 1.584893e-08 500.000000 600.000000 Brem 
1809 10000000 1.041330 1.000000e-08 500.000000 600.000000 Brem 
0 10000000 1.356670 1.000000e-03 500.000000 600.000000 Brem 
0 10000000 1.356670 6.309573e-04 500.000000 600.000000 Brem 
0 10000000 1.356670 3.981072e-04 500.000000 600.000000 Brem 
0 10000000 1.356670 2.511886e-04 500.000000 600.000000 Brem 
0 10000000 1.356670 1.584893e-04 500.000000 600.000000 Brem 
0 10000000 1.356670 1.000000e-04 500.000000 600.000000 Brem 
0 10000000 1.356670 6.309573e-05 500.000000 600.000000 Brem 
0 10000000 1.356670 3.981072e-05 500.000000 600.000000 Brem 
0 10000000 1.356670 2.511886e-05 500.000000 600.000000 Brem 
0 10000000 1.356670 1.584893e-05 500.000000 600.000000 Brem 
0 10000000 1.356670 1.000000e-05 500.000000 600.000000 Brem 
0 10000000 1.356670 6.309573e-06 500.000000 600.000000 Brem 
0 10000000 1.356670 3.981072e-06 500.000000 600.000000 Brem 
0 10000000 1.356670 2.511886e-06 500.000000 600.000000 Brem 
109 10000000 1.356670 1.584893e-06 500.000000 600.000000 Brem 
10000 4483017 1.356670 1.000000e-06 500.000000 600.000000 Brem 
10000 506814 1.356670 6.309573e-07 500.000000 600.000000 Brem 
10000 208975 1.356670 3.981072e-07 500.000000 600.000000 Brem 
10000 164768 1.356670 2.511886e-07 500.000000 600.000000 Brem 
10000 230080 1.356670 1.584893e-07 500.000000 600.000000 Brem 
10000 447339 1.356670 1.000000e-07 500.000000 600.000000 Brem 
10000 981739 1.356670 6.309573e-08 500.000000 600.000000 Brem 
10000 2345214 1.356670 3.981072e-08 500.000000 600.000000 Brem 
10000 5895902 1.356670 2.511886e-08 500.000000 600.000000 Brem 
6942 10000000 1.356670 1.584893e-08 500.000000 600.000000 Brem 
2730 10000000 1.356670 1.000000e-08 500.000000 600.000000 Brem 
0 10000000 1.767490 1.000000e-03 500.000000 600.000000 Brem 
0 10000000 1.767490 6.309573e-04 500.000000 600.000000 Brem 
0 10000000 1.767490 3.981072e-04 500.000000 600.000000 Brem 
0 10000000 1.767490 2.511886e-04 500.000000 600.000000 Brem 
0 10000000 1.767490 1.584893e-04 500.000000 600.000000 Brem 
0 10000000 1.767490 1.000000e-04 500.000000 600.000000 Brem 
0 10000000 1.767490 6.309573e-05 500.000000 600.000000 Brem 
0 10000000 1.767490 3.981072e-05 500.000000 600.000000 Brem 
0 10000000 1.767490 2.511886e-05 500.000000 600.000000 Brem 
0 10000000 1.767490 1.584893e-05 500.000000 600.000000 Brem 
0 10000000 1.767490 1.000000e-05 500.000000 600.000000 Brem 
0 10000000 1.767490 6.309573e-06 500.000000 600.000000 Brem 
0 10000000 1.767490 3.981072e-06 500.000000 600.000000 Brem 
0 10000000 1.767490 2.511886e-06 500.000000 600.000000 Brem 
0 10000000 1.767490 1.584893e-06 500.000000 600.000000 Brem 
250 10000000 1.767490 1.000000e-06 500.000000 600.000000 Brem 
10000 3301728 1.767490 6.309573e-07 500.000000 600.000000 Brem 
10000 451778 1.767490 3.981072e-07 500.000000 600.000000 Brem 
10000 194712 1.767490 2.511886e-07 500.000000 600.000000 Brem 
10000 166195 1.767490 1.584893e-07 500.000000 600.000000 Brem 
10000 240503 1.767490 1.000000e-07 500.000000 600.000000 Brem 
10000 473234 1.767490 6.309573e-08 500.000000 600.000000 Brem 
10000 1078609 1.767490 3.981072e-08 500.000000 600.000000 Brem 
10000 2656341 1.767490 2.511886e-08 500.000000 600.000000 Brem 
10000 6452342 1.767490 1.584893e-08 500.000000 600.000000 Brem 
6312 10000000 1.767490 1.000000e-08 500.000000 600.000000 Brem 
0 10000000 2.302710 1.000000e-03 500.000000 600.000000 Brem 
0 10000000 2.302710 6.309573e-04 500.000000 600.000000 Brem 
0 10000000 2.302710 3.981072e-04 500.000000 600.000000 Brem 
0 10000000 2.302710 2.511886e-04 500.000000 600.000000 Brem 
0 10000000 2.302710 1.584893e-04 500.000000 600.000000 Brem 
0 10000000 2.302710 1.000000e-04 500.000000 600.000000 Brem 
0 10000000 2.302710 6.309573e-05 500.000000 600.000000 Brem 
0 10000000 2.302710 3.981072e-05 500.000000 600.000000 Brem 
0 10000000 2.302710 2.511886e-05 500.000000 600.000000 Brem 
0 10000000 2.302710 1.584893e-05 500.000000 600.000000 Brem 
0 10000000 2.302710 1.000000e-05 500.000000 600.000000 Brem 
0 10000000 2.302710 6.309573e-06 500.000000 600.000000 Brem 
0 10000000 2.302710 3.981072e-06 500.000000 600.000000 Brem 
0 10000000 2.302710 2.511886e-06 500.000000 600.000000 Brem 
0 10000000 2.302710 1.584893e-06 500.000000 600.000000 Brem 
10 10000000 2.302710 1.000000e-06 500.000000 600.000000 Brem 
7200 10000000 2.302710 6.309573e-07 500.000000 600.000000 Brem 
10000 777711 2.302710 3.981072e-07 500.000000 600.000000 Brem 
10000 236038 2.302710 2.511886e-07 500.000000 600.000000 Brem 
10000 168180 2.302710 1.584893e-07 500.000000 600.000000 Brem 
10000 200338 2.302710 1.000000e-07 500.000000 600.000000 Brem 
10000 350842 2.302710 6.309573e-08 500.000000 600.000000 Brem 
10000 785632 2.302710 3.981072e-08 500.000000 600.000000 Brem 
10000 1846136 2.302710 2.511886e-08 500.000000 600.000000 Brem 
10000 4385383 2.302710 1.584893e-08 500.000000 600.000000 Brem 
8757 10000000 2.302710 1.000000e-08 500.000000 600.000000 Brem 
0 10000000 3.000000 1.000000e-03 500.000000 600.000000 Brem 
0 10000000 3.000000 6.309573e-04 500.000000 600.000000 Brem 
0 10000000 3.000000 3.981072e-04 500.000000 600.000000 Brem 
0 10000000 3.000000 2.511886e-04 500.000000 600.000000 Brem 
0 10000000 3.000000 1.584893e-04 500.000000 600.000000 Brem 
0 10000000 3.000000 1.000000e-04 500.000000 600.000000 Brem 
0 10000000 3.000000 6.309573e-05 500.000000 600.000000 Brem 
0 10000000 3.000000 3.981072e-05 500.000000 600.000000 Brem 
0 10000000 3.000000 2.511886e-05 500.000000 600.000000 Brem 
0 10000000 3.000000 1.584893e-05 500.000000 600.000000 Brem 
0 10000000 3.000000 1.000000e-05 500.000000 600.000000 Brem 
0 10000000 3.000000 6.309573e-06 500.000000 600.000000 Brem 
0 10000000 3.000000 3.981072e-06 500.000000 600.000000 Brem 
0 10000000 3.000000 2.511886e-06 500.000000 600.000000 Brem 
0 10000000 3.000000 1.584893e-06 500.000000 600.000000 Brem 
0 10000000 3.000000 1.000000e-06 500.000000 600.000000 Brem 
214 10000000 3.000000 6.309573e-07 500.000000 600.000000 Brem 
10000 3146756 3.000000 3.981072e-07 500.000000 600.000000 Brem 
10000 428994 3.000000 2.511886e-07 500.000000 600.000000 Brem 
10000 196635 3.000000 1.584893e-07 500.000000 600.000000 Brem 
10000 168132 3.000000 1.000000e-07 500.000000 600.000000 Brem 
10000 237749 3.000000 6.309573e-08 500.000000 600.000000 Brem 
10000 476750 3.000000 3.981072e-08 500.000000 600.000000 Brem 
10000 1061502 3.000000 2.511886e-08 500.000000 600.000000 Brem 
10000 2618417 3.000000 1.584893e-08 500.000000 600.000000 Brem 
10000 6338536 3.000000 1.000000e-08 500.000000 600.000000 Brem 
0 10000000 0.001073 1.000000e-03 500.000000 600.000000 Eta 
0 10000000 0.001073 6.309573e-04 500.000000 600.000000 Eta 
0 10000000 0.001073 3.981072e-04 500.000000 600.000000 Eta 
0 10000000 0.001073 2.511886e-04 500.000000 600.000000 Eta 
0 10000000 0.001073 1.584893e-04 500.000000 600.000000 Eta 
0 10000000 0.001073 1.000000e-04 500.000000 600.000000 Eta 
0 10000000 0.001073 6.309573e-05 500.000000 600.000000 Eta 
0 10000000 0.001073 3.981072e-05 500.000000 600.000000 Eta 
0 10000000 0.001073 2.511886e-05 500.000000 600.000000 Eta 
0 10000000 0.001073 1.584893e-05 500.000000 600.000000 Eta 
0 10000000 0.001073 1.000000e-05 500.000000 600.000000 Eta 
0 10000000 0.001073 6.309573e-06 500.000000 600.000000 Eta 
0 10000000 0.001073 3.981072e-06 500.000000 600.000000 Eta 
0 10000000 0.001073 2.511886e-06 500.000000 600.000000 Eta 
0 10000000 0.001073 1.584893e-06 500.000000 600.000000 Eta 
0 10000000 0.001073 1.000000e-06 500.000000 600.000000 Eta 
0 10000000 0.001073 6.309573e-07 500.000000 600.000000 Eta 
0 10000000 0.001073 3.981072e-07 500.000000 600.000000 Eta 
0 10000000 0.001073 2.511886e-07 500.000000 600.000000 Eta 
0 10000000 0.001073 1.584893e-07 500.000000 600.000000 Eta 
0 10000000 0.001073 1.000000e-07 500.000000 600.000000 Eta 
0 10000000 0.001073 6.309573e-08 500.000000 600.000000 Eta 
0 10000000 0.001073 3.981072e-08 500.000000 600.000000 Eta 
0 10000000 0.001073 2.511886e-08 500.000000 600.000000 Eta 
0 10000000 0.001073 1.584893e-08 500.000000 600.000000 Eta 
0 10000000 0.001073 1.000000e-08 500.000000 600.000000 Eta 
0 10000000 0.001320 1.000000e-03 500.000000 600.000000 Eta 
0 10000000 0.001320 6.309573e-04 500.000000 600.000000 Eta 
0 10000000 0.001320 3.981072e-04 500.000000 600.000000 Eta 
0 10000000 0.001320 2.511886e-04 500.000000 600.000000 Eta 
0 10000000 0.001320 1.584893e-04 500.000000 600.000000 Eta 
0 10000000 0.001320 1.000000e-04 500.000000 600.000000 Eta 
0 10000000 0.001320 6.309573e-05 500.000000 600.000000 Eta 
0 10000000 0.001320 3.981072e-05 500.000000 600.000000 Eta 
0 10000000 0.001320 2.511886e-05 500.000000 600.000000 Eta 
0 10000000 0.001320 1.584893e-05 500.000000 600.000000 Eta 
0 10000000 0.001320 1.000000e-05 500.000000 600.000000 Eta 
0 10000000 0.001320 6.309573e-06 500.000000 600.000000 Eta 
0 10000000 0.001320 3.981072e-06 500.000000 600.000000 Eta 
0 10000000 0.001320 2.511886e-06 500.000000 600.000000 Eta 
0 10000000 0.001320 1.584893e-06 500.000000 600.000000 Eta 
0 10000000 0.001320 1.000000e-06 500.000000 600.000000 Eta 
0 10000000 0.001320 6.309573e-07 500.000000 600.000000 Eta 
0 10000000 0.001320 3.981072e-07 500.000000 600.000000 Eta 
0 10000000 0.001320 2.511886e-07 500.000000 600.000000 Eta 
0 10000000 0.001320 1.584893e-07 500.000000 600.000000 Eta 
0 10000000 0.001320 1.000000e-07 500.000000 600.000000 Eta 
0 10000000 0.001320 6.309573e-08 500.000000 600.000000 Eta 
0 10000000 0.001320 3.981072e-08 500.000000 600.000000 Eta 
0 10000000 0.001320 2.511886e-08 500.000000 600.000000 Eta 
0 10000000 0.001320 1.584893e-08 500.000000 600.000000 Eta 
0 10000000 0.001320 1.000000e-08 500.000000 600.000000 Eta 
0 10000000 0.001625 1.000000e-03 500.000000 600.000000 Eta 
0 10000000 0.001625 6.309573e-04 500.000000 600.000000 Eta 
0 10000000 0.001625 3.981072e-04 500.000000 600.000000 Eta 
0 10000000 0.001625 2.511886e-04 500.000000 600.000000 Eta 
0 10000000 0.001625 1.584893e-04 500.000000 600.000000 Eta 
0 10000000 0.001625 1.000000e-04 500.000000 600.000000 Eta 
0 10000000 0.001625 6.309573e-05 500.000000 600.000000 Eta 
0 10000000 0.001625 3.981072e-05 500.000000 600.000000 Eta 
0 10000000 0.001625 2.511886e-05 500.000000 600.000000 Eta 
0 10000000 0.001625 1.584893e-05 500.000000 600.000000 Eta 
0 10000000 0.001625 1.000000e-05 500.000000 600.000000 Eta 
0 10000000 0.001625 6.309573e-06 500.000000 600.000000 Eta 
0 10000000 0.001625 3.981072e-06 500.000000 600.000000 Eta 
0 10000000 0.001625 2.511886e-06 500.000000 600.000000 Eta 
0 10000000 0.001625 1.584893e-06 500.000000 600.000000 Eta 
0 10000000 0.001625 1.000000e-06 500.000000 600.000000 Eta 
0 10000000 0.001625 6.309573e-07 500.000000 600.000000 Eta 
0 10000000 0.001625 3.981072e-07 500.000000 600.000000 Eta 
0 10000000 0.001625 2.511886e-07 500.000000 600.000000 Eta 
0 10000000 0.001625 1.584893e-07 500.000000 600.000000 Eta 
0 10000000 0.001625 1.000000e-07 500.000000 600.000000 Eta 
0 10000000 0.001625 6.309573e-08 500.000000 600.000000 Eta 
0 10000000 0.001625 3.981072e-08 500.000000 600.000000 Eta 
0 10000000 0.001625 2.511886e-08 500.000000 600.000000 Eta 
0 10000000 0.001625 1.584893e-08 500.000000 600.000000 Eta 
0 10000000 0.001625 1.000000e-08 500.000000 600.000000 Eta 
0 10000000 0.001999 1.000000e-03 500.000000 600.000000 Eta 
0 10000000 0.001999 6.309573e-04 500.000000 600.000000 Eta 
0 10000000 0.001999 3.981072e-04 500.000000 600.000000 Eta 
0 10000000 0.001999 2.511886e-04 500.000000 600.000000 Eta 
0 10000000 0.001999 1.584893e-04 500.000000 600.000000 Eta 
0 10000000 0.001999 1.000000e-04 500.000000 600.000000 Eta 
0 10000000 0.001999 6.309573e-05 500.000000 600.000000 Eta 
0 10000000 0.001999 3.981072e-05 500.000000 600.000000 Eta 
0 10000000 0.001999 2.511886e-05 500.000000 600.000000 Eta 
0 10000000 0.001999 1.584893e-05 500.000000 600.000000 Eta 
0 10000000 0.001999 1.000000e-05 500.000000 600.000000 Eta 
0 10000000 0.001999 6.309573e-06 500.000000 600.000000 Eta 
0 10000000 0.001999 3.981072e-06 500.000000 600.000000 Eta 
0 10000000 0.001999 2.511886e-06 500.000000 600.000000 Eta 
0 10000000 0.001999 1.584893e-06 500.000000 600.000000 Eta 
0 10000000 0.001999 1.000000e-06 500.000000 600.000000 Eta 
0 10000000 0.001999 6.309573e-07 500.000000 600.000000 Eta 
0 10000000 0.001999 3.981072e-07 500.000000 600.000000 Eta 
0 10000000 0.001999 2.511886e-07 500.000000 600.000000 Eta 
0 10000000 0.001999 1.584893e-07 500.000000 600.000000 Eta 
0 10000000 0.001999 1.000000e-07 500.000000 600.000000 Eta 
0 10000000 0.001999 6.309573e-08 500.000000 600.000000 Eta 
0 10000000 0.001999 3.981072e-08 500.000000 600.000000 Eta 
0 10000000 0.001999 2.511886e-08 500.000000 600.000000 Eta 
0 10000000 0.001999 1.584893e-08 500.000000 600.000000 Eta 
0 10000000 0.001999 1.000000e-08 500.000000 600.000000 Eta 
0 10000000 0.002460 1.000000e-03 500.000000 600.000000 Eta 
0 10000000 0.002460 6.309573e-04 500.000000 600.000000 Eta 
0 10000000 0.002460 3.981072e-04 500.000000 600.000000 Eta 
0 10000000 0.002460 2.511886e-04 500.000000 600.000000 Eta 
0 10000000 0.002460 1.584893e-04 500.000000 600.000000 Eta 
0 10000000 0.002460 1.000000e-04 500.000000 600.000000 Eta 
0 10000000 0.002460 6.309573e-05 500.000000 600.000000 Eta 
0 10000000 0.002460 3.981072e-05 500.000000 600.000000 Eta 
0 10000000 0.002460 2.511886e-05 500.000000 600.000000 Eta 
0 10000000 0.002460 1.584893e-05 500.000000 600.000000 Eta 
0 10000000 0.002460 1.000000e-05 500.000000 600.000000 Eta 
0 10000000 0.002460 6.309573e-06 500.000000 600.000000 Eta 
0 10000000 0.002460 3.981072e-06 500.000000 600.000000 Eta 
0 10000000 0.002460 2.511886e-06 500.000000 600.000000 Eta 
0 10000000 0.002460 1.584893e-06 500.000000 600.000000 Eta 
0 10000000 0.002460 1.000000e-06 500.000000 600.000000 Eta 
0 10000000 0.002460 6.309573e-07 500.000000 600.000000 Eta 
0 10000000 0.002460 3.981072e-07 500.000000 600.000000 Eta 
0 10000000 0.002460 2.511886e-07 500.000000 600.000000 Eta 
0 10000000 0.002460 1.584893e-07 500.000000 600.000000 Eta 
0 10000000 0.002460 1.000000e-07 500.000000 600.000000 Eta 
0 10000000 0.002460 6.309573e-08 500.000000 600.000000 Eta 
0 10000000 0.002460 3.981072e-08 500.000000 600.000000 Eta 
0 10000000 0.002460 2.511886e-08 500.000000 600.000000 Eta 
0 10000000 0.002460 1.584893e-08 500.000000 600.000000 Eta 
0 10000000 0.002460 1.000000e-08 500.000000 600.000000 Eta 
0 10000000 0.003026 1.000000e-03 500.000000 600.000000 Eta 
0 10000000 0.003026 6.309573e-04 500.000000 600.000000 Eta 
0 10000000 0.003026 3.981072e-04 500.000000 600.000000 Eta 
0 10000000 0.003026 2.511886e-04 500.000000 600.000000 Eta 
0 10000000 0.003026 1.584893e-04 500.000000 600.000000 Eta 
0 10000000 0.003026 1.000000e-04 500.000000 600.000000 Eta 
0 10000000 0.003026 6.309573e-05 500.000000 600.000000 Eta 
0 10000000 0.003026 3.981072e-05 500.000000 600.000000 Eta 
0 10000000 0.003026 2.511886e-05 500.000000 600.000000 Eta 
0 10000000 0.003026 1.584893e-05 500.000000 600.000000 Eta 
0 10000000 0.003026 1.000000e-05 500.000000 600.000000 Eta 
0 10000000 0.003026 6.309573e-06 500.000000 600.000000 Eta 
0 10000000 0.003026 3.981072e-06 500.000000 600.000000 Eta 
0 10000000 0.003026 2.511886e-06 500.000000 600.000000 Eta 
0 10000000 0.003026 1.584893e-06 500.000000 600.000000 Eta 
0 10000000 0.003026 1.000000e-06 500.000000 600.000000 Eta 
0 10000000 0.003026 6.309573e-07 500.000000 600.000000 Eta 
0 10000000 0.003026 3.981072e-07 500.000000 600.000000 Eta 
0 10000000 0.003026 2.511886e-07 500.000000 600.000000 Eta 
0 10000000 0.003026 1.584893e-07 500.000000 600.000000 Eta 
0 10000000 0.003026 1.000000e-07 500.000000 600.000000 Eta 
0 10000000 0.003026 6.309573e-08 500.000000 600.000000 Eta 
0 10000000 0.003026 3.981072e-08 500.000000 600.000000 Eta 
0 10000000 0.003026 2.511886e-08 500.000000 600.000000 Eta 
0 10000000 0.003026 1.584893e-08 500.000000 600.000000 Eta 
0 10000000 0.003026 1.000000e-08 500.000000 600.000000 Eta 
0 10000000 0.003724 1.000000e-03 500.000000 600.000000 Eta 
0 10000000 0.003724 6.309573e-04 500.000000 600.000000 Eta 
0 10000000 0.003724 3.981072e-04 500.000000 600.000000 Eta 
0 10000000 0.003724 2.511886e-04 500.000000 600.000000 Eta 
0 10000000 0.003724 1.584893e-04 500.000000 600.000000 Eta 
0 10000000 0.003724 1.000000e-04 500.000000 600.000000 Eta 
0 10000000 0.003724 6.309573e-05 500.000000 600.000000 Eta 
0 10000000 0.003724 3.981072e-05 500.000000 600.000000 Eta 
0 10000000 0.003724 2.511886e-05 500.000000 600.000000 Eta 
0 10000000 0.003724 1.584893e-05 500.000000 600.000000 Eta 
0 10000000 0.003724 1.000000e-05 500.000000 600.000000 Eta 
0 10000000 0.003724 6.309573e-06 500.000000 600.000000 Eta 
0 10000000 0.003724 3.981072e-06 500.000000 600.000000 Eta 
0 10000000 0.003724 2.511886e-06 500.000000 600.000000 Eta 
0 10000000 0.003724 1.584893e-06 500.000000 600.000000 Eta 
0 10000000 0.003724 1.000000e-06 500.000000 600.000000 Eta 
0 10000000 0.003724 6.309573e-07 500.000000 600.000000 Eta 
0 10000000 0.003724 3.981072e-07 500.000000 600.000000 Eta 
0 10000000 0.003724 2.511886e-07 500.000000 600.000000 Eta 
0 10000000 0.003724 1.584893e-07 500.000000 600.000000 Eta 
0 10000000 0.003724 1.000000e-07 500.000000 600.000000 Eta 
0 10000000 0.003724 6.309573e-08 500.000000 600.000000 Eta 
0 10000000 0.003724 3.981072e-08 500.000000 600.000000 Eta 
0 10000000 0.003724 2.511886e-08 500.000000 600.000000 Eta 
0 10000000 0.003724 1.584893e-08 500.000000 600.000000 Eta 
0 10000000 0.003724 1.000000e-08 500.000000 600.000000 Eta 
0 10000000 0.004582 1.000000e-03 500.000000 600.000000 Eta 
0 10000000 0.004582 6.309573e-04 500.000000 600.000000 Eta 
0 10000000 0.004582 3.981072e-04 500.000000 600.000000 Eta 
0 10000000 0.004582 2.511886e-04 500.000000 600.000000 Eta 
0 10000000 0.004582 1.584893e-04 500.000000 600.000000 Eta 
0 10000000 0.004582 1.000000e-04 500.000000 600.000000 Eta 
0 10000000 0.004582 6.309573e-05 500.000000 600.000000 Eta 
0 10000000 0.004582 3.981072e-05 500.000000 600.000000 Eta 
0 10000000 0.004582 2.511886e-05 500.000000 600.000000 Eta 
0 10000000 0.004582 1.584893e-05 500.000000 600.000000 Eta 
0 10000000 0.004582 1.000000e-05 500.000000 600.000000 Eta 
0 10000000 0.004582 6.309573e-06 500.000000 600.000000 Eta 
0 10000000 0.004582 3.981072e-06 500.000000 600.000000 Eta 
0 10000000 0.004582 2.511886e-06 500.000000 600.000000 Eta 
0 10000000 0.004582 1.584893e-06 500.000000 600.000000 Eta 
0 10000000 0.004582 1.000000e-06 500.000000 600.000000 Eta 
0 10000000 0.004582 6.309573e-07 500.000000 600.000000 Eta 
0 10000000 0.004582 3.981072e-07 500.000000 600.000000 Eta 
0 10000000 0.004582 2.511886e-07 500.000000 600.000000 Eta 
0 10000000 0.004582 1.584893e-07 500.000000 600.000000 Eta 
0 10000000 0.004582 1.000000e-07 500.000000 600.000000 Eta 
0 10000000 0.004582 6.309573e-08 500.000000 600.000000 Eta 
0 10000000 0.004582 3.981072e-08 500.000000 600.000000 Eta 
0 10000000 0.004582 2.511886e-08 500.000000 600.000000 Eta 
0 10000000 0.004582 1.584893e-08 500.000000 600.000000 Eta 
0 10000000 0.004582 1.000000e-08 500.000000 600.000000 Eta 
0 10000000 0.005638 1.000000e-03 500.000000 600.000000 Eta 
0 10000000 0.005638 6.309573e-04 500.000000 600.000000 Eta 
0 10000000 0.005638 3.981072e-04 500.000000 600.000000 Eta 
0 10000000 0.005638 2.511886e-04 500.000000 600.000000 Eta 
0 10000000 0.005638 1.584893e-04 500.000000 600.000000 Eta 
0 10000000 0.005638 1.000000e-04 500.000000 600.000000 Eta 
0 10000000 0.005638 6.309573e-05 500.000000 600.000000 Eta 
0 10000000 0.005638 3.981072e-05 500.000000 600.000000 Eta 
0 10000000 0.005638 2.511886e-05 500.000000 600.000000 Eta 
0 10000000 0.005638 1.584893e-05 500.000000 600.000000 Eta 
0 10000000 0.005638 1.000000e-05 500.000000 600.000000 Eta 
0 10000000 0.005638 6.309573e-06 500.000000 600.000000 Eta 
0 10000000 0.005638 3.981072e-06 500.000000 600.000000 Eta 
0 10000000 0.005638 2.511886e-06 500.000000 600.000000 Eta 
0 10000000 0.005638 1.584893e-06 500.000000 600.000000 Eta 
0 10000000 0.005638 1.000000e-06 500.000000 600.000000 Eta 
0 10000000 0.005638 6.309573e-07 500.000000 600.000000 Eta 
0 10000000 0.005638 3.981072e-07 500.000000 600.000000 Eta 
0 10000000 0.005638 2.511886e-07 500.000000 600.000000 Eta 
0 10000000 0.005638 1.584893e-07 500.000000 600.000000 Eta 
0 10000000 0.005638 1.000000e-07 500.000000 600.000000 Eta 
0 10000000 0.005638 6.309573e-08 500.000000 600.000000 Eta 
0 10000000 0.005638 3.981072e-08 500.000000 600.000000 Eta 
0 10000000 0.005638 2.511886e-08 500.000000 600.000000 Eta 
0 10000000 0.005638 1.584893e-08 500.000000 600.000000 Eta 
0 10000000 0.005638 1.000000e-08 500.000000 600.000000 Eta 
0 10000000 0.006937 1.000000e-03 500.000000 600.000000 Eta 
0 10000000 0.006937 6.309573e-04 500.000000 600.000000 Eta 
0 10000000 0.006937 3.981072e-04 500.000000 600.000000 Eta 
0 10000000 0.006937 2.511886e-04 500.000000 600.000000 Eta 
0 10000000 0.006937 1.584893e-04 500.000000 600.000000 Eta 
0 10000000 0.006937 1.000000e-04 500.000000 600.000000 Eta 
0 10000000 0.006937 6.309573e-05 500.000000 600.000000 Eta 
0 10000000 0.006937 3.981072e-05 500.000000 600.000000 Eta 
0 10000000 0.006937 2.511886e-05 500.000000 600.000000 Eta 
0 10000000 0.006937 1.584893e-05 500.000000 600.000000 Eta 
0 10000000 0.006937 1.000000e-05 500.000000 600.000000 Eta 
0 10000000 0.006937 6.309573e-06 500.000000 600.000000 Eta 
0 10000000 0.006937 3.981072e-06 500.000000 600.000000 Eta 
0 10000000 0.006937 2.511886e-06 500.000000 600.000000 Eta 
0 10000000 0.006937 1.584893e-06 500.000000 600.000000 Eta 
0 10000000 0.006937 1.000000e-06 500.000000 600.000000 Eta 
0 10000000 0.006937 6.309573e-07 500.000000 600.000000 Eta 
0 10000000 0.006937 3.981072e-07 500.000000 600.000000 Eta 
0 10000000 0.006937 2.511886e-07 500.000000 600.000000 Eta 
0 10000000 0.006937 1.584893e-07 500.000000 600.000000 Eta 
0 10000000 0.006937 1.000000e-07 500.000000 600.000000 Eta 
0 10000000 0.006937 6.309573e-08 500.000000 600.000000 Eta 
0 10000000 0.006937 3.981072e-08 500.000000 600.000000 Eta 
0 10000000 0.006937 2.511886e-08 500.000000 600.000000 Eta 
0 10000000 0.006937 1.584893e-08 500.000000 600.000000 Eta 
0 10000000 0.006937 1.000000e-08 500.000000 600.000000 Eta 
0 10000000 0.008535 1.000000e-03 500.000000 600.000000 Eta 
0 10000000 0.008535 6.309573e-04 500.000000 600.000000 Eta 
0 10000000 0.008535 3.981072e-04 500.000000 600.000000 Eta 
0 10000000 0.008535 2.511886e-04 500.000000 600.000000 Eta 
0 10000000 0.008535 1.584893e-04 500.000000 600.000000 Eta 
0 10000000 0.008535 1.000000e-04 500.000000 600.000000 Eta 
0 10000000 0.008535 6.309573e-05 500.000000 600.000000 Eta 
0 10000000 0.008535 3.981072e-05 500.000000 600.000000 Eta 
0 10000000 0.008535 2.511886e-05 500.000000 600.000000 Eta 
0 10000000 0.008535 1.584893e-05 500.000000 600.000000 Eta 
0 10000000 0.008535 1.000000e-05 500.000000 600.000000 Eta 
0 10000000 0.008535 6.309573e-06 500.000000 600.000000 Eta 
0 10000000 0.008535 3.981072e-06 500.000000 600.000000 Eta 
0 10000000 0.008535 2.511886e-06 500.000000 600.000000 Eta 
0 10000000 0.008535 1.584893e-06 500.000000 600.000000 Eta 
0 10000000 0.008535 1.000000e-06 500.000000 600.000000 Eta 
0 10000000 0.008535 6.309573e-07 500.000000 600.000000 Eta 
0 10000000 0.008535 3.981072e-07 500.000000 600.000000 Eta 
0 10000000 0.008535 2.511886e-07 500.000000 600.000000 Eta 
0 10000000 0.008535 1.584893e-07 500.000000 600.000000 Eta 
0 10000000 0.008535 1.000000e-07 500.000000 600.000000 Eta 
0 10000000 0.008535 6.309573e-08 500.000000 600.000000 Eta 
0 10000000 0.008535 3.981072e-08 500.000000 600.000000 Eta 
0 10000000 0.008535 2.511886e-08 500.000000 600.000000 Eta 
0 10000000 0.008535 1.584893e-08 500.000000 600.000000 Eta 
0 10000000 0.008535 1.000000e-08 500.000000 600.000000 Eta 
0 10000000 0.010502 1.000000e-03 500.000000 600.000000 Eta 
0 10000000 0.010502 6.309573e-04 500.000000 600.000000 Eta 
54 10000000 0.010502 3.981072e-04 500.000000 600.000000 Eta 
2219 10000000 0.010502 2.511886e-04 500.000000 600.000000 Eta 
10000 3591698 0.010502 1.584893e-04 500.000000 600.000000 Eta 
10000 770111 0.010502 1.000000e-04 500.000000 600.000000 Eta 
10000 373658 0.010502 6.309573e-05 500.000000 600.000000 Eta 
10000 270249 0.010502 3.981072e-05 500.000000 600.000000 Eta 
10000 253280 0.010502 2.511886e-05 500.000000 600.000000 Eta 
10000 291010 0.010502 1.584893e-05 500.000000 600.000000 Eta 
10000 414560 0.010502 1.000000e-05 500.000000 600.000000 Eta 
10000 677011 0.010502 6.309573e-06 500.000000 600.000000 Eta 
10000 1197659 0.010502 3.981072e-06 500.000000 600.000000 Eta 
10000 2292348 0.010502 2.511886e-06 500.000000 600.000000 Eta 
10000 4561659 0.010502 1.584893e-06 500.000000 600.000000 Eta 
10000 8867940 0.010502 1.000000e-06 500.000000 600.000000 Eta 
5371 10000000 0.010502 6.309573e-07 500.000000 600.000000 Eta 
2313 10000000 0.010502 3.981072e-07 500.000000 600.000000 Eta 
948 10000000 0.010502 2.511886e-07 500.000000 600.000000 Eta 
360 10000000 0.010502 1.584893e-07 500.000000 600.000000 Eta 
158 10000000 0.010502 1.000000e-07 500.000000 600.000000 Eta 
69 10000000 0.010502 6.309573e-08 500.000000 600.000000 Eta 
12 10000000 0.010502 3.981072e-08 500.000000 600.000000 Eta 
10 10000000 0.010502 2.511886e-08 500.000000 600.000000 Eta 
5 10000000 0.010502 1.584893e-08 500.000000 600.000000 Eta 
3 10000000 0.010502 1.000000e-08 500.000000 600.000000 Eta 
0 10000000 0.012922 1.000000e-03 500.000000 600.000000 Eta 
0 10000000 0.012922 6.309573e-04 500.000000 600.000000 Eta 
0 10000000 0.012922 3.981072e-04 500.000000 600.000000 Eta 
16 10000000 0.012922 2.511886e-04 500.000000 600.000000 Eta 
1057 10000000 0.012922 1.584893e-04 500.000000 600.000000 Eta 
10000 5041733 0.012922 1.000000e-04 500.000000 600.000000 Eta 
10000 1066856 0.012922 6.309573e-05 500.000000 600.000000 Eta 
10000 458608 0.012922 3.981072e-05 500.000000 600.000000 Eta 
10000 280506 0.012922 2.511886e-05 500.000000 600.000000 Eta 
10000 244454 0.012922 1.584893e-05 500.000000 600.000000 Eta 
10000 268249 0.012922 1.000000e-05 500.000000 600.000000 Eta 
10000 358319 0.012922 6.309573e-06 500.000000 600.000000 Eta 
10000 568285 0.012922 3.981072e-06 500.000000 600.000000 Eta 
10000 1003148 0.012922 2.511886e-06 500.000000 600.000000 Eta 
10000 1991399 0.012922 1.584893e-06 500.000000 600.000000 Eta 
10000 4383003 0.012922 1.000000e-06 500.000000 600.000000 Eta 
9577 10000000 0.012922 6.309573e-07 500.000000 600.000000 Eta 
3999 10000000 0.012922 3.981072e-07 500.000000 600.000000 Eta 
1636 10000000 0.012922 2.511886e-07 500.000000 600.000000 Eta 
682 10000000 0.012922 1.584893e-07 500.000000 600.000000 Eta 
247 10000000 0.012922 1.000000e-07 500.000000 600.000000 Eta 
87 10000000 0.012922 6.309573e-08 500.000000 600.000000 Eta 
38 10000000 0.012922 3.981072e-08 500.000000 600.000000 Eta 
17 10000000 0.012922 2.511886e-08 500.000000 600.000000 Eta 
7 10000000 0.012922 1.584893e-08 500.000000 600.000000 Eta 
2 10000000 0.012922 1.000000e-08 500.000000 600.000000 Eta 
0 10000000 0.015900 1.000000e-03 500.000000 600.000000 Eta 
0 10000000 0.015900 6.309573e-04 500.000000 600.000000 Eta 
0 10000000 0.015900 3.981072e-04 500.000000 600.000000 Eta 
0 10000000 0.015900 2.511886e-04 500.000000 600.000000 Eta 
91 10000000 0.015900 1.584893e-04 500.000000 600.000000 Eta 
6042 10000000 0.015900 1.000000e-04 500.000000 600.000000 Eta 
10000 2074872 0.015900 6.309573e-05 500.000000 600.000000 Eta 
10000 696143 0.015900 3.981072e-05 500.000000 600.000000 Eta 
10000 357468 0.015900 2.511886e-05 500.000000 600.000000 Eta 
10000 259574 0.015900 1.584893e-05 500.000000 600.000000 Eta 
10000 236790 0.015900 1.000000e-05 500.000000 600.000000 Eta 
10000 287091 0.015900 6.309573e-06 500.000000 600.000000 Eta 
10000 425498 0.015900 3.981072e-06 500.000000 600.000000 Eta 
10000 755378 0.015900 2.511886e-06 500.000000 600.000000 Eta 
10000 1449480 0.015900 1.584893e-06 500.000000 600.000000 Eta 
10000 2935622 0.015900 1.000000e-06 500.000000 600.000000 Eta 
10000 6002284 0.015900 6.309573e-07 500.000000 600.000000 Eta 
7886 10000000 0.015900 3.981072e-07 500.000000 600.000000 Eta 
3363 10000000 0.015900 2.511886e-07 500.000000 600.000000 Eta 
1420 10000000 0.015900 1.584893e-07 500.000000 600.000000 Eta 
565 10000000 0.015900 1.000000e-07 500.000000 600.000000 Eta 
195 10000000 0.015900 6.309573e-08 500.000000 600.000000 Eta 
89 10000000 0.015900 3.981072e-08 500.000000 600.000000 Eta 
46 10000000 0.015900 2.511886e-08 500.000000 600.000000 Eta 
15 10000000 0.015900 1.584893e-08 500.000000 600.000000 Eta 
10 10000000 0.015900 1.000000e-08 500.000000 600.000000 Eta 
0 10000000 0.019564 1.000000e-03 500.000000 600.000000 Eta 
0 10000000 0.019564 6.309573e-04 500.000000 600.000000 Eta 
0 10000000 0.019564 3.981072e-04 500.000000 600.000000 Eta 
0 10000000 0.019564 2.511886e-04 500.000000 600.000000 Eta 
8 10000000 0.019564 1.584893e-04 500.000000 600.000000 Eta 
1441 10000000 0.019564 1.000000e-04 500.000000 600.000000 Eta 
10000 5331660 0.019564 6.309573e-05 500.000000 600.000000 Eta 
10000 1234364 0.019564 3.981072e-05 500.000000 600.000000 Eta 
10000 495716 0.019564 2.511886e-05 500.000000 600.000000 Eta 
10000 300999 0.019564 1.584893e-05 500.000000 600.000000 Eta 
10000 246560 0.019564 1.000000e-05 500.000000 600.000000 Eta 
10000 258967 0.019564 6.309573e-06 500.000000 600.000000 Eta 
10000 362383 0.019564 3.981072e-06 500.000000 600.000000 Eta 
10000 558129 0.019564 2.511886e-06 500.000000 600.000000 Eta 
10000 978683 0.019564 1.584893e-06 500.000000 600.000000 Eta 
10000 1862951 0.019564 1.000000e-06 500.000000 600.000000 Eta 
10000 3552000 0.019564 6.309573e-07 500.000000 600.000000 Eta 
10000 6774804 0.019564 3.981072e-07 500.000000 600.000000 Eta 
7168 10000000 0.019564 2.511886e-07 500.000000 600.000000 Eta 
3131 10000000 0.019564 1.584893e-07 500.000000 600.000000 Eta 
1397 10000000 0.019564 1.000000e-07 500.000000 600.000000 Eta 
528 10000000 0.019564 6.309573e-08 500.000000 600.000000 Eta 
213 10000000 0.019564 3.981072e-08 500.000000 600.000000 Eta 
79 10000000 0.019564 2.511886e-08 500.000000 600.000000 Eta 
29 10000000 0.019564 1.584893e-08 500.000000 600.000000 Eta 
13 10000000 0.019564 1.000000e-08 500.000000 600.000000 Eta 
0 10000000 0.024072 1.000000e-03 500.000000 600.000000 Eta 
0 10000000 0.024072 6.309573e-04 500.000000 600.000000 Eta 
0 10000000 0.024072 3.981072e-04 500.000000 600.000000 Eta 
0 10000000 0.024072 2.511886e-04 500.000000 600.000000 Eta 
0 10000000 0.024072 1.584893e-04 500.000000 600.000000 Eta 
50 10000000 0.024072 1.000000e-04 500.000000 600.000000 Eta 
2981 10000000 0.024072 6.309573e-05 500.000000 600.000000 Eta 
10000 3173768 0.024072 3.981072e-05 500.000000 600.000000 Eta 
10000 799476 0.024072 2.511886e-05 500.000000 600.000000 Eta 
10000 362264 0.024072 1.584893e-05 500.000000 600.000000 Eta 
10000 250892 0.024072 1.000000e-05 500.000000 600.000000 Eta 
10000 229801 0.024072 6.309573e-06 500.000000 600.000000 Eta 
10000 276125 0.024072 3.981072e-06 500.000000 600.000000 Eta 
10000 422957 0.024072 2.511886e-06 500.000000 600.000000 Eta 
10000 717432 0.024072 1.584893e-06 500.000000 600.000000 Eta 
10000 1342947 0.024072 1.000000e-06 500.000000 600.000000 Eta 
10000 2906278 0.024072 6.309573e-07 500.000000 600.000000 Eta 
10000 6679913 0.024072 3.981072e-07 500.000000 600.000000 Eta 
6165 10000000 0.024072 2.511886e-07 500.000000 600.000000 Eta 
2444 10000000 0.024072 1.584893e-07 500.000000 600.000000 Eta 
968 10000000 0.024072 1.000000e-07 500.000000 600.000000 Eta 
447 10000000 0.024072 6.309573e-08 500.000000 600.000000 Eta 
168 10000000 0.024072 3.981072e-08 500.000000 600.000000 Eta 
62 10000000 0.024072 2.511886e-08 500.000000 600.000000 Eta 
27 10000000 0.024072 1.584893e-08 500.000000 600.000000 Eta 
10 10000000 0.024072 1.000000e-08 500.000000 600.000000 Eta 
0 10000000 0.029619 1.000000e-03 500.000000 600.000000 Eta 
0 10000000 0.029619 6.309573e-04 500.000000 600.000000 Eta 
0 10000000 0.029619 3.981072e-04 500.000000 600.000000 Eta 
0 10000000 0.029619 2.511886e-04 500.000000 600.000000 Eta 
0 10000000 0.029619 1.584893e-04 500.000000 600.000000 Eta 
0 10000000 0.029619 1.000000e-04 500.000000 600.000000 Eta 
910 10000000 0.029619 6.309573e-05 500.000000 600.000000 Eta 
10000 6063828 0.029619 3.981072e-05 500.000000 600.000000 Eta 
10000 1163574 0.029619 2.511886e-05 500.000000 600.000000 Eta 
10000 462923 0.029619 1.584893e-05 500.000000 600.000000 Eta 
10000 266653 0.029619 1.000000e-05 500.000000 600.000000 Eta 
10000 228054 0.029619 6.309573e-06 500.000000 600.000000 Eta 
10000 258406 0.029619 3.981072e-06 500.000000 600.000000 Eta 
10000 376815 0.029619 2.511886e-06 500.000000 600.000000 Eta 
10000 620222 0.029619 1.584893e-06 500.000000 600.000000 Eta 
10000 1071242 0.029619 1.000000e-06 500.000000 600.000000 Eta 
10000 2150689 0.029619 6.309573e-07 500.000000 600.000000 Eta 
10000 4721064 0.029619 3.981072e-07 500.000000 600.000000 Eta 
9333 10000000 0.029619 2.511886e-07 500.000000 600.000000 Eta 
3847 10000000 0.029619 1.584893e-07 500.000000 600.000000 Eta 
1491 10000000 0.029619 1.000000e-07 500.000000 600.000000 Eta 
588 10000000 0.029619 6.309573e-08 500.000000 600.000000 Eta 
265 10000000 0.029619 3.981072e-08 500.000000 600.000000 Eta 
104 10000000 0.029619 2.511886e-08 500.000000 600.000000 Eta 
38 10000000 0.029619 1.584893e-08 500.000000 600.000000 Eta 
21 10000000 0.029619 1.000000e-08 500.000000 600.000000 Eta 
0 10000000 0.036445 1.000000e-03 500.000000 600.000000 Eta 
0 10000000 0.036445 6.309573e-04 500.000000 600.000000 Eta 
0 10000000 0.036445 3.981072e-04 500.000000 600.000000 Eta 
0 10000000 0.036445 2.511886e-04 500.000000 600.000000 Eta 
0 10000000 0.036445 1.584893e-04 500.000000 600.000000 Eta 
0 10000000 0.036445 1.000000e-04 500.000000 600.000000 Eta 
226 10000000 0.036445 6.309573e-05 500.000000 600.000000 Eta 
6573 10000000 0.036445 3.981072e-05 500.000000 600.000000 Eta 
10000 2258802 0.036445 2.511886e-05 500.000000 600.000000 Eta 
10000 709412 0.036445 1.584893e-05 500.000000 600.000000 Eta 
10000 353900 0.036445 1.000000e-05 500.000000 600.000000 Eta 
10000 249032 0.036445 6.309573e-06 500.000000 600.000000 Eta 
10000 248335 0.036445 3.981072e-06 500.000000 600.000000 Eta 
10000 304169 0.036445 2.511886e-06 500.000000 600.000000 Eta 
10000 450107 0.036445 1.584893e-06 500.000000 600.000000 Eta 
10000 750309 0.036445 1.000000e-06 500.000000 600.000000 Eta 
10000 1420892 0.036445 6.309573e-07 500.000000 600.000000 Eta 
10000 3024410 0.036445 3.981072e-07 500.000000 600.000000 Eta 
10000 7055628 0.036445 2.511886e-07 500.000000 600.000000 Eta 
5690 10000000 0.036445 1.584893e-07 500.000000 600.000000 Eta 
2235 10000000 0.036445 1.000000e-07 500.000000 600.000000 Eta 
930 10000000 0.036445 6.309573e-08 500.000000 600.000000 Eta 
361 10000000 0.036445 3.981072e-08 500.000000 600.000000 Eta 
170 10000000 0.036445 2.511886e-08 500.000000 600.000000 Eta 
60 10000000 0.036445 1.584893e-08 500.000000 600.000000 Eta 
20 10000000 0.036445 1.000000e-08 500.000000 600.000000 Eta 
0 10000000 0.044843 1.000000e-03 500.000000 600.000000 Eta 
0 10000000 0.044843 6.309573e-04 500.000000 600.000000 Eta 
0 10000000 0.044843 3.981072e-04 500.000000 600.000000 Eta 
0 10000000 0.044843 2.511886e-04 500.000000 600.000000 Eta 
0 10000000 0.044843 1.584893e-04 500.000000 600.000000 Eta 
0 10000000 0.044843 1.000000e-04 500.000000 600.000000 Eta 
18 10000000 0.044843 6.309573e-05 500.000000 600.000000 Eta 
2179 10000000 0.044843 3.981072e-05 500.000000 600.000000 Eta 
10000 4881090 0.044843 2.511886e-05 500.000000 600.000000 Eta 
10000 1132119 0.044843 1.584893e-05 500.000000 600.000000 Eta 
10000 448518 0.044843 1.000000e-05 500.000000 600.000000 Eta 
10000 273195 0.044843 6.309573e-06 500.000000 600.000000 Eta 
10000 248928 0.044843 3.981072e-06 500.000000 600.000000 Eta 
10000 292149 0.044843 2.511886e-06 500.000000 600.000000 Eta 
10000 386458 0.044843 1.584893e-06 500.000000 600.000000 Eta 
10000 557434 0.044843 1.000000e-06 500.000000 600.000000 Eta 
10000 964309 0.044843 6.309573e-07 500.000000 600.000000 Eta 
10000 1782114 0.044843 3.981072e-07 500.000000 600.000000 Eta 
10000 3565495 0.044843 2.511886e-07 500.000000 600.000000 Eta 
10000 7805885 0.044843 1.584893e-07 500.000000 600.000000 Eta 
5406 10000000 0.044843 1.000000e-07 500.000000 600.000000 Eta 
2854 10000000 0.044843 6.309573e-08 500.000000 600.000000 Eta 
2344 10000000 0.044843 3.981072e-08 500.000000 600.000000 Eta 
1519 10000000 0.044843 2.511886e-08 500.000000 600.000000 Eta 
768 10000000 0.044843 1.584893e-08 500.000000 600.000000 Eta 
349 10000000 0.044843 1.000000e-08 500.000000 600.000000 Eta 
0 10000000 0.055176 1.000000e-03 500.000000 600.000000 Eta 
0 10000000 0.055176 6.309573e-04 500.000000 600.000000 Eta 
0 10000000 0.055176 3.981072e-04 500.000000 600.000000 Eta 
0 10000000 0.055176 2.511886e-04 500.000000 600.000000 Eta 
0 10000000 0.055176 1.584893e-04 500.000000 600.000000 Eta 
0 10000000 0.055176 1.000000e-04 500.000000 600.000000 Eta 
1 10000000 0.055176 6.309573e-05 500.000000 600.000000 Eta 
427 10000000 0.055176 3.981072e-05 500.000000 600.000000 Eta 
9804 10000000 0.055176 2.511886e-05 500.000000 600.000000 Eta 
10000 1681207 0.055176 1.584893e-05 500.000000 600.000000 Eta 
10000 584551 0.055176 1.000000e-05 500.000000 600.000000 Eta 
10000 320184 0.055176 6.309573e-06 500.000000 600.000000 Eta 
10000 247737 0.055176 3.981072e-06 500.000000 600.000000 Eta 
10000 241127 0.055176 2.511886e-06 500.000000 600.000000 Eta 
10000 305532 0.055176 1.584893e-06 500.000000 600.000000 Eta 
10000 481635 0.055176 1.000000e-06 500.000000 600.000000 Eta 
10000 854536 0.055176 6.309573e-07 500.000000 600.000000 Eta 
10000 1741773 0.055176 3.981072e-07 500.000000 600.000000 Eta 
10000 4025956 0.055176 2.511886e-07 500.000000 600.000000 Eta 
10000 9392651 0.055176 1.584893e-07 500.000000 600.000000 Eta 
4198 10000000 0.055176 1.000000e-07 500.000000 600.000000 Eta 
1689 10000000 0.055176 6.309573e-08 500.000000 600.000000 Eta 
720 10000000 0.055176 3.981072e-08 500.000000 600.000000 Eta 
274 10000000 0.055176 2.511886e-08 500.000000 600.000000 Eta 
113 10000000 0.055176 1.584893e-08 500.000000 600.000000 Eta 
42 10000000 0.055176 1.000000e-08 500.000000 600.000000 Eta 
0 10000000 0.067891 1.000000e-03 500.000000 600.000000 Eta 
0 10000000 0.067891 6.309573e-04 500.000000 600.000000 Eta 
0 10000000 0.067891 3.981072e-04 500.000000 600.000000 Eta 
0 10000000 0.067891 2.511886e-04 500.000000 600.000000 Eta 
0 10000000 0.067891 1.584893e-04 500.000000 600.000000 Eta 
0 10000000 0.067891 1.000000e-04 500.000000 600.000000 Eta 
0 10000000 0.067891 6.309573e-05 500.000000 600.000000 Eta 
41 10000000 0.067891 3.981072e-05 500.000000 600.000000 Eta 
2181 10000000 0.067891 2.511886e-05 500.000000 600.000000 Eta 
10000 4990449 0.067891 1.584893e-05 500.000000 600.000000 Eta 
10000 1088443 0.067891 1.000000e-05 500.000000 600.000000 Eta 
10000 423601 0.067891 6.309573e-06 500.000000 600.000000 Eta 
10000 265908 0.067891 3.981072e-06 500.000000 600.000000 Eta 
10000 239530 0.067891 2.511886e-06 500.000000 600.000000 Eta 
10000 267057 0.067891 1.584893e-06 500.000000 600.000000 Eta 
10000 364181 0.067891 1.000000e-06 500.000000 600.000000 Eta 
10000 580863 0.067891 6.309573e-07 500.000000 600.000000 Eta 
10000 1118876 0.067891 3.981072e-07 500.000000 600.000000 Eta 
10000 2423725 0.067891 2.511886e-07 500.000000 600.000000 Eta 
10000 5535031 0.067891 1.584893e-07 500.000000 600.000000 Eta 
7498 10000000 0.067891 1.000000e-07 500.000000 600.000000 Eta 
3068 10000000 0.067891 6.309573e-08 500.000000 600.000000 Eta 
1234 10000000 0.067891 3.981072e-08 500.000000 600.000000 Eta 
471 10000000 0.067891 2.511886e-08 500.000000 600.000000 Eta 
183 10000000 0.067891 1.584893e-08 500.000000 600.000000 Eta 
66 10000000 0.067891 1.000000e-08 500.000000 600.000000 Eta 
0 10000000 0.083535 1.000000e-03 500.000000 600.000000 Eta 
0 10000000 0.083535 6.309573e-04 500.000000 600.000000 Eta 
0 10000000 0.083535 3.981072e-04 500.000000 600.000000 Eta 
0 10000000 0.083535 2.511886e-04 500.000000 600.000000 Eta 
0 10000000 0.083535 1.584893e-04 500.000000 600.000000 Eta 
0 10000000 0.083535 1.000000e-04 500.000000 600.000000 Eta 
0 10000000 0.083535 6.309573e-05 500.000000 600.000000 Eta 
2 10000000 0.083535 3.981072e-05 500.000000 600.000000 Eta 
599 10000000 0.083535 2.511886e-05 500.000000 600.000000 Eta 
7667 10000000 0.083535 1.584893e-05 500.000000 600.000000 Eta 
10000 1814174 0.083535 1.000000e-05 500.000000 600.000000 Eta 
10000 561846 0.083535 6.309573e-06 500.000000 600.000000 Eta 
10000 305602 0.083535 3.981072e-06 500.000000 600.000000 Eta 
10000 237804 0.083535 2.511886e-06 500.000000 600.000000 Eta 
10000 248272 0.083535 1.584893e-06 500.000000 600.000000 Eta 
10000 334456 0.083535 1.000000e-06 500.000000 600.000000 Eta 
10000 510488 0.083535 6.309573e-07 500.000000 600.000000 Eta 
10000 871161 0.083535 3.981072e-07 500.000000 600.000000 Eta 
10000 1693756 0.083535 2.511886e-07 500.000000 600.000000 Eta 
10000 3638869 0.083535 1.584893e-07 500.000000 600.000000 Eta 
10000 8627322 0.083535 1.000000e-07 500.000000 600.000000 Eta 
4801 10000000 0.083535 6.309573e-08 500.000000 600.000000 Eta 
1914 10000000 0.083535 3.981072e-08 500.000000 600.000000 Eta 
778 10000000 0.083535 2.511886e-08 500.000000 600.000000 Eta 
271 10000000 0.083535 1.584893e-08 500.000000 600.000000 Eta 
113 10000000 0.083535 1.000000e-08 500.000000 600.000000 Eta 
0 10000000 0.102784 1.000000e-03 500.000000 600.000000 Eta 
0 10000000 0.102784 6.309573e-04 500.000000 600.000000 Eta 
0 10000000 0.102784 3.981072e-04 500.000000 600.000000 Eta 
0 10000000 0.102784 2.511886e-04 500.000000 600.000000 Eta 
0 10000000 0.102784 1.584893e-04 500.000000 600.000000 Eta 
0 10000000 0.102784 1.000000e-04 500.000000 600.000000 Eta 
0 10000000 0.102784 6.309573e-05 500.000000 600.000000 Eta 
0 10000000 0.102784 3.981072e-05 500.000000 600.000000 Eta 
74 10000000 0.102784 2.511886e-05 500.000000 600.000000 Eta 
4022 10000000 0.102784 1.584893e-05 500.000000 600.000000 Eta 
10000 3125086 0.102784 1.000000e-05 500.000000 600.000000 Eta 
10000 777421 0.102784 6.309573e-06 500.000000 600.000000 Eta 
10000 367519 0.102784 3.981072e-06 500.000000 600.000000 Eta 
10000 244077 0.102784 2.511886e-06 500.000000 600.000000 Eta 
10000 232206 0.102784 1.584893e-06 500.000000 600.000000 Eta 
10000 281819 0.102784 1.000000e-06 500.000000 600.000000 Eta 
10000 432540 0.102784 6.309573e-07 500.000000 600.000000 Eta 
10000 794186 0.102784 3.981072e-07 500.000000 600.000000 Eta 
10000 1603240 0.102784 2.511886e-07 500.000000 600.000000 Eta 
10000 3106549 0.102784 1.584893e-07 500.000000 600.000000 Eta 
10000 5941253 0.102784 1.000000e-07 500.000000 600.000000 Eta 
7897 10000000 0.102784 6.309573e-08 500.000000 600.000000 Eta 
3299 10000000 0.102784 3.981072e-08 500.000000 600.000000 Eta 
1352 10000000 0.102784 2.511886e-08 500.000000 600.000000 Eta 
616 10000000 0.102784 1.584893e-08 500.000000 600.000000 Eta 
234 10000000 0.102784 1.000000e-08 500.000000 600.000000 Eta 
0 10000000 0.126469 1.000000e-03 500.000000 600.000000 Eta 
0 10000000 0.126469 6.309573e-04 500.000000 600.000000 Eta 
0 10000000 0.126469 3.981072e-04 500.000000 600.000000 Eta 
0 10000000 0.126469 2.511886e-04 500.000000 600.000000 Eta 
0 10000000 0.126469 1.584893e-04 500.000000 600.000000 Eta 
0 10000000 0.126469 1.000000e-04 500.000000 600.000000 Eta 
0 10000000 0.126469 6.309573e-05 500.000000 600.000000 Eta 
0 10000000 0.126469 3.981072e-05 500.000000 600.000000 Eta 
24 10000000 0.126469 2.511886e-05 500.000000 600.000000 Eta 
1778 10000000 0.126469 1.584893e-05 500.000000 600.000000 Eta 
10000 5613804 0.126469 1.000000e-05 500.000000 600.000000 Eta 
10000 1187545 0.126469 6.309573e-06 500.000000 600.000000 Eta 
10000 450400 0.126469 3.981072e-06 500.000000 600.000000 Eta 
10000 277656 0.126469 2.511886e-06 500.000000 600.000000 Eta 
10000 236218 0.126469 1.584893e-06 500.000000 600.000000 Eta 
10000 251238 0.126469 1.000000e-06 500.000000 600.000000 Eta 
10000 341228 0.126469 6.309573e-07 500.000000 600.000000 Eta 
10000 600530 0.126469 3.981072e-07 500.000000 600.000000 Eta 
10000 1159893 0.126469 2.511886e-07 500.000000 600.000000 Eta 
10000 2425395 0.126469 1.584893e-07 500.000000 600.000000 Eta 
10000 5251988 0.126469 1.000000e-07 500.000000 600.000000 Eta 
8191 10000000 0.126469 6.309573e-08 500.000000 600.000000 Eta 
3315 10000000 0.126469 3.981072e-08 500.000000 600.000000 Eta 
1337 10000000 0.126469 2.511886e-08 500.000000 600.000000 Eta 
491 10000000 0.126469 1.584893e-08 500.000000 600.000000 Eta 
221 10000000 0.126469 1.000000e-08 500.000000 600.000000 Eta 
0 10000000 0.155612 1.000000e-03 500.000000 600.000000 Eta 
0 10000000 0.155612 6.309573e-04 500.000000 600.000000 Eta 
0 10000000 0.155612 3.981072e-04 500.000000 600.000000 Eta 
0 10000000 0.155612 2.511886e-04 500.000000 600.000000 Eta 
0 10000000 0.155612 1.584893e-04 500.000000 600.000000 Eta 
0 10000000 0.155612 1.000000e-04 500.000000 600.000000 Eta 
0 10000000 0.155612 6.309573e-05 500.000000 600.000000 Eta 
0 10000000 0.155612 3.981072e-05 500.000000 600.000000 Eta 
0 10000000 0.155612 2.511886e-05 500.000000 600.000000 Eta 
120 10000000 0.155612 1.584893e-05 500.000000 600.000000 Eta 
6549 10000000 0.155612 1.000000e-05 500.000000 600.000000 Eta 
10000 2150622 0.155612 6.309573e-06 500.000000 600.000000 Eta 
10000 691578 0.155612 3.981072e-06 500.000000 600.000000 Eta 
10000 342265 0.155612 2.511886e-06 500.000000 600.000000 Eta 
10000 233656 0.155612 1.584893e-06 500.000000 600.000000 Eta 
10000 229411 0.155612 1.000000e-06 500.000000 600.000000 Eta 
10000 296286 0.155612 6.309573e-07 500.000000 600.000000 Eta 
10000 453431 0.155612 3.981072e-07 500.000000 600.000000 Eta 
10000 834968 0.155612 2.511886e-07 500.000000 600.000000 Eta 
10000 1692134 0.155612 1.584893e-07 500.000000 600.000000 Eta 
10000 3799986 0.155612 1.000000e-07 500.000000 600.000000 Eta 
10000 8904604 0.155612 6.309573e-08 500.000000 600.000000 Eta 
4583 10000000 0.155612 3.981072e-08 500.000000 600.000000 Eta 
1919 10000000 0.155612 2.511886e-08 500.000000 600.000000 Eta 
729 10000000 0.155612 1.584893e-08 500.000000 600.000000 Eta 
285 10000000 0.155612 1.000000e-08 500.000000 600.000000 Eta 
0 10000000 0.191470 1.000000e-03 500.000000 600.000000 Eta 
0 10000000 0.191470 6.309573e-04 500.000000 600.000000 Eta 
0 10000000 0.191470 3.981072e-04 500.000000 600.000000 Eta 
0 10000000 0.191470 2.511886e-04 500.000000 600.000000 Eta 
0 10000000 0.191470 1.584893e-04 500.000000 600.000000 Eta 
0 10000000 0.191470 1.000000e-04 500.000000 600.000000 Eta 
0 10000000 0.191470 6.309573e-05 500.000000 600.000000 Eta 
0 10000000 0.191470 3.981072e-05 500.000000 600.000000 Eta 
0 10000000 0.191470 2.511886e-05 500.000000 600.000000 Eta 
52 10000000 0.191470 1.584893e-05 500.000000 600.000000 Eta 
2447 10000000 0.191470 1.000000e-05 500.000000 600.000000 Eta 
10000 4492748 0.191470 6.309573e-06 500.000000 600.000000 Eta 
10000 985649 0.191470 3.981072e-06 500.000000 600.000000 Eta 
10000 422130 0.191470 2.511886e-06 500.000000 600.000000 Eta 
10000 266276 0.191470 1.584893e-06 500.000000 600.000000 Eta 
10000 223472 0.191470 1.000000e-06 500.000000 600.000000 Eta 
10000 251585 0.191470 6.309573e-07 500.000000 600.000000 Eta 
10000 374182 0.191470 3.981072e-07 500.000000 600.000000 Eta 
10000 706866 0.191470 2.511886e-07 500.000000 600.000000 Eta 
10000 1482322 0.191470 1.584893e-07 500.000000 600.000000 Eta 
10000 3326691 0.191470 1.000000e-07 500.000000 600.000000 Eta 
10000 8118922 0.191470 6.309573e-08 500.000000 600.000000 Eta 
5153 10000000 0.191470 3.981072e-08 500.000000 600.000000 Eta 
2084 10000000 0.191470 2.511886e-08 500.000000 600.000000 Eta 
808 10000000 0.191470 1.584893e-08 500.000000 600.000000 Eta 
336 10000000 0.191470 1.000000e-08 500.000000 600.000000 Eta 
0 10000000 0.235592 1.000000e-03 500.000000 600.000000 Eta 
0 10000000 0.235592 6.309573e-04 500.000000 600.000000 Eta 
0 10000000 0.235592 3.981072e-04 500.000000 600.000000 Eta 
0 10000000 0.235592 2.511886e-04 500.000000 600.000000 Eta 
0 10000000 0.235592 1.584893e-04 500.000000 600.000000 Eta 
0 10000000 0.235592 1.000000e-04 500.000000 600.000000 Eta 
0 10000000 0.235592 6.309573e-05 500.000000 600.000000 Eta 
0 10000000 0.235592 3.981072e-05 500.000000 600.000000 Eta 
0 10000000 0.235592 2.511886e-05 500.000000 600.000000 Eta 
0 10000000 0.235592 1.584893e-05 500.000000 600.000000 Eta 
3 10000000 0.235592 1.000000e-05 500.000000 600.000000 Eta 
1425 10000000 0.235592 6.309573e-06 500.000000 600.000000 Eta 
10000 4252816 0.235592 3.981072e-06 500.000000 600.000000 Eta 
10000 967924 0.235592 2.511886e-06 500.000000 600.000000 Eta 
10000 398427 0.235592 1.584893e-06 500.000000 600.000000 Eta 
10000 246479 0.235592 1.000000e-06 500.000000 600.000000 Eta 
10000 222027 0.235592 6.309573e-07 500.000000 600.000000 Eta 
10000 263684 0.235592 3.981072e-07 500.000000 600.000000 Eta 
10000 392654 0.235592 2.511886e-07 500.000000 600.000000 Eta 
10000 731553 0.235592 1.584893e-07 500.000000 600.000000 Eta 
10000 1470286 0.235592 1.000000e-07 500.000000 600.000000 Eta 
10000 3196497 0.235592 6.309573e-08 500.000000 600.000000 Eta 
10000 7378474 0.235592 3.981072e-08 500.000000 600.000000 Eta 
5562 10000000 0.235592 2.511886e-08 500.000000 600.000000 Eta 
2277 10000000 0.235592 1.584893e-08 500.000000 600.000000 Eta 
974 10000000 0.235592 1.000000e-08 500.000000 600.000000 Eta 
0 10000000 0.289880 1.000000e-03 500.000000 600.000000 Eta 
0 10000000 0.289880 6.309573e-04 500.000000 600.000000 Eta 
0 10000000 0.289880 3.981072e-04 500.000000 600.000000 Eta 
0 10000000 0.289880 2.511886e-04 500.000000 600.000000 Eta 
0 10000000 0.289880 1.584893e-04 500.000000 600.000000 Eta 
0 10000000 0.289880 1.000000e-04 500.000000 600.000000 Eta 
0 10000000 0.289880 6.309573e-05 500.000000 600.000000 Eta 
0 10000000 0.289880 3.981072e-05 500.000000 600.000000 Eta 
0 10000000 0.289880 2.511886e-05 500.000000 600.000000 Eta 
0 10000000 0.289880 1.584893e-05 500.000000 600.000000 Eta 
0 10000000 0.289880 1.000000e-05 500.000000 600.000000 Eta 
30 10000000 0.289880 6.309573e-06 500.000000 600.000000 Eta 
4126 10000000 0.289880 3.981072e-06 500.000000 600.000000 Eta 
10000 2310657 0.289880 2.511886e-06 500.000000 600.000000 Eta 
10000 605954 0.289880 1.584893e-06 500.000000 600.000000 Eta 
10000 307626 0.289880 1.000000e-06 500.000000 600.000000 Eta 
10000 224979 0.289880 6.309573e-07 500.000000 600.000000 Eta 
10000 225034 0.289880 3.981072e-07 500.000000 600.000000 Eta 
10000 304838 0.289880 2.511886e-07 500.000000 600.000000 Eta 
10000 509322 0.289880 1.584893e-07 500.000000 600.000000 Eta 
10000 998421 0.289880 1.000000e-07 500.000000 600.000000 Eta 
10000 2111405 0.289880 6.309573e-08 500.000000 600.000000 Eta 
10000 4708145 0.289880 3.981072e-08 500.000000 600.000000 Eta 
9436 10000000 0.289880 2.511886e-08 500.000000 600.000000 Eta 
3852 10000000 0.289880 1.584893e-08 500.000000 600.000000 Eta 
1630 10000000 0.289880 1.000000e-08 500.000000 600.000000 Eta 
0 10000000 0.356678 1.000000e-03 500.000000 600.000000 Eta 
0 10000000 0.356678 6.309573e-04 500.000000 600.000000 Eta 
0 10000000 0.356678 3.981072e-04 500.000000 600.000000 Eta 
0 10000000 0.356678 2.511886e-04 500.000000 600.000000 Eta 
0 10000000 0.356678 1.584893e-04 500.000000 600.000000 Eta 
0 10000000 0.356678 1.000000e-04 500.000000 600.000000 Eta 
0 10000000 0.356678 6.309573e-05 500.000000 600.000000 Eta 
0 10000000 0.356678 3.981072e-05 500.000000 600.000000 Eta 
0 10000000 0.356678 2.511886e-05 500.000000 600.000000 Eta 
0 10000000 0.356678 1.584893e-05 500.000000 600.000000 Eta 
0 10000000 0.356678 1.000000e-05 500.000000 600.000000 Eta 
11 10000000 0.356678 6.309573e-06 500.000000 600.000000 Eta 
1545 10000000 0.356678 3.981072e-06 500.000000 600.000000 Eta 
10000 4703622 0.356678 2.511886e-06 500.000000 600.000000 Eta 
10000 966133 0.356678 1.584893e-06 500.000000 600.000000 Eta 
10000 373584 0.356678 1.000000e-06 500.000000 600.000000 Eta 
10000 234802 0.356678 6.309573e-07 500.000000 600.000000 Eta 
10000 214646 0.356678 3.981072e-07 500.000000 600.000000 Eta 
10000 275740 0.356678 2.511886e-07 500.000000 600.000000 Eta 
10000 429293 0.356678 1.584893e-07 500.000000 600.000000 Eta 
10000 785688 0.356678 1.000000e-07 500.000000 600.000000 Eta 
10000 1562674 0.356678 6.309573e-08 500.000000 600.000000 Eta 
10000 3144611 0.356678 3.981072e-08 500.000000 600.000000 Eta 
10000 6410050 0.356678 2.511886e-08 500.000000 600.000000 Eta 
8291 10000000 0.356678 1.584893e-08 500.000000 600.000000 Eta 
4178 10000000 0.356678 1.000000e-08 500.000000 600.000000 Eta 
0 10000000 0.438869 1.000000e-03 500.000000 600.000000 Eta 
0 10000000 0.438869 6.309573e-04 500.000000 600.000000 Eta 
0 10000000 0.438869 3.981072e-04 500.000000 600.000000 Eta 
0 10000000 0.438869 2.511886e-04 500.000000 600.000000 Eta 
0 10000000 0.438869 1.584893e-04 500.000000 600.000000 Eta 
0 10000000 0.438869 1.000000e-04 500.000000 600.000000 Eta 
0 10000000 0.438869 6.309573e-05 500.000000 600.000000 Eta 
0 10000000 0.438869 3.981072e-05 500.000000 600.000000 Eta 
0 10000000 0.438869 2.511886e-05 500.000000 600.000000 Eta 
0 10000000 0.438869 1.584893e-05 500.000000 600.000000 Eta 
0 10000000 0.438869 1.000000e-05 500.000000 600.000000 Eta 
0 10000000 0.438869 6.309573e-06 500.000000 600.000000 Eta 
61 10000000 0.438869 3.981072e-06 500.000000 600.000000 Eta 
6368 10000000 0.438869 2.511886e-06 500.000000 600.000000 Eta 
10000 1735572 0.438869 1.584893e-06 500.000000 600.000000 Eta 
10000 493611 0.438869 1.000000e-06 500.000000 600.000000 Eta 
10000 252433 0.438869 6.309573e-07 500.000000 600.000000 Eta 
10000 210093 0.438869 3.981072e-07 500.000000 600.000000 Eta 
10000 242557 0.438869 2.511886e-07 500.000000 600.000000 Eta 
10000 349456 0.438869 1.584893e-07 500.000000 600.000000 Eta 
10000 604195 0.438869 1.000000e-07 500.000000 600.000000 Eta 
10000 1197710 0.438869 6.309573e-08 500.000000 600.000000 Eta 
10000 2589894 0.438869 3.981072e-08 500.000000 600.000000 Eta 
10000 6004602 0.438869 2.511886e-08 500.000000 600.000000 Eta 
6850 10000000 0.438869 1.584893e-08 500.000000 600.000000 Eta 
2829 10000000 0.438869 1.000000e-08 500.000000 600.000000 Eta 
0 10000000 0.540000 1.000000e-03 500.000000 600.000000 Eta 
0 10000000 0.540000 6.309573e-04 500.000000 600.000000 Eta 
0 10000000 0.540000 3.981072e-04 500.000000 600.000000 Eta 
0 10000000 0.540000 2.511886e-04 500.000000 600.000000 Eta 
0 10000000 0.540000 1.584893e-04 500.000000 600.000000 Eta 
0 10000000 0.540000 1.000000e-04 500.000000 600.000000 Eta 
0 10000000 0.540000 6.309573e-05 500.000000 600.000000 Eta 
0 10000000 0.540000 3.981072e-05 500.000000 600.000000 Eta 
0 10000000 0.540000 2.511886e-05 500.000000 600.000000 Eta 
0 10000000 0.540000 1.584893e-05 500.000000 600.000000 Eta 
0 10000000 0.540000 1.000000e-05 500.000000 600.000000 Eta 
0 10000000 0.540000 6.309573e-06 500.000000 600.000000 Eta 
10 10000000 0.540000 3.981072e-06 500.000000 600.000000 Eta 
2326 10000000 0.540000 2.511886e-06 500.000000 600.000000 Eta 
10000 3634135 0.540000 1.584893e-06 500.000000 600.000000 Eta 
10000 735323 0.540000 1.000000e-06 500.000000 600.000000 Eta 
10000 302090 0.540000 6.309573e-07 500.000000 600.000000 Eta 
10000 222374 0.540000 3.981072e-07 500.000000 600.000000 Eta 
10000 227144 0.540000 2.511886e-07 500.000000 600.000000 Eta 
10000 295179 0.540000 1.584893e-07 500.000000 600.000000 Eta 
10000 470274 0.540000 1.000000e-07 500.000000 600.000000 Eta 
10000 913026 0.540000 6.309573e-08 500.000000 600.000000 Eta 
10000 2009453 0.540000 3.981072e-08 500.000000 600.000000 Eta 
10000 4691231 0.540000 2.511886e-08 500.000000 600.000000 Eta 
8650 10000000 0.540000 1.584893e-08 500.000000 600.000000 Eta 
3550 10000000 0.540000 1.000000e-08 500.000000 600.000000 Eta 
