134 10000 0.010502 1.000000e-04 500.000000 600.000000 Eta 
262 10000 0.010502 6.309573e-05 500.000000 600.000000 Eta 
372 10000 0.010502 3.981072e-05 500.000000 600.000000 Eta 
410 10000 0.010502 2.511886e-05 500.000000 600.000000 Eta 
328 10000 0.010502 1.584893e-05 500.000000 600.000000 Eta 
204 10000 0.010502 1.000000e-05 500.000000 600.000000 Eta 
134 10000 0.010502 6.309573e-06 500.000000 600.000000 Eta 
56 10000 0.010502 3.981072e-06 500.000000 600.000000 Eta 
32 10000 0.010502 2.511886e-06 500.000000 600.000000 Eta 
10 16354 0.010502 1.584893e-06 500.000000 600.000000 Eta 
10 33019 0.010502 1.000000e-06 500.000000 600.000000 Eta 
10 63045 0.010502 6.309573e-07 500.000000 600.000000 Eta 
10 91735 0.010502 3.981072e-07 500.000000 600.000000 Eta 
10 246947 0.010502 2.511886e-07 500.000000 600.000000 Eta 
10 1119735 0.010502 1.584893e-07 500.000000 600.000000 Eta 
10 2340275 0.010502 1.000000e-07 500.000000 600.000000 Eta 
10 3234366 0.010502 6.309573e-08 500.000000 600.000000 Eta 
10 18781762 0.010502 3.981072e-08 500.000000 600.000000 Eta 
10 40723299 0.010502 2.511886e-08 500.000000 600.000000 Eta 
16 10000 0.012922 1.000000e-04 500.000000 600.000000 Eta 
101 10000 0.012922 6.309573e-05 500.000000 600.000000 Eta 
203 10000 0.012922 3.981072e-05 500.000000 600.000000 Eta 
347 10000 0.012922 2.511886e-05 500.000000 600.000000 Eta 
399 10000 0.012922 1.584893e-05 500.000000 600.000000 Eta 
373 10000 0.012922 1.000000e-05 500.000000 600.000000 Eta 
263 10000 0.012922 6.309573e-06 500.000000 600.000000 Eta 
136 10000 0.012922 3.981072e-06 500.000000 600.000000 Eta 
64 10000 0.012922 2.511886e-06 500.000000 600.000000 Eta 
30 10000 0.012922 1.584893e-06 500.000000 600.000000 Eta 
15 10000 0.012922 1.000000e-06 500.000000 600.000000 Eta 
10 25032 0.012922 6.309573e-07 500.000000 600.000000 Eta 
10 48452 0.012922 3.981072e-07 500.000000 600.000000 Eta 
10 167282 0.012922 2.511886e-07 500.000000 600.000000 Eta 
10 191696 0.012922 1.584893e-07 500.000000 600.000000 Eta 
10 1061616 0.012922 1.000000e-07 500.000000 600.000000 Eta 
10 2287874 0.012922 6.309573e-08 500.000000 600.000000 Eta 
10 4091841 0.012922 3.981072e-08 500.000000 600.000000 Eta 
10 8709519 0.012922 2.511886e-08 500.000000 600.000000 Eta 
10 18404 0.015900 1.000000e-04 500.000000 600.000000 Eta 
47 10000 0.015900 6.309573e-05 500.000000 600.000000 Eta 
155 10000 0.015900 3.981072e-05 500.000000 600.000000 Eta 
283 10000 0.015900 2.511886e-05 500.000000 600.000000 Eta 
364 10000 0.015900 1.584893e-05 500.000000 600.000000 Eta 
424 10000 0.015900 1.000000e-05 500.000000 600.000000 Eta 
338 10000 0.015900 6.309573e-06 500.000000 600.000000 Eta 
207 10000 0.015900 3.981072e-06 500.000000 600.000000 Eta 
105 10000 0.015900 2.511886e-06 500.000000 600.000000 Eta 
39 10000 0.015900 1.584893e-06 500.000000 600.000000 Eta 
23 10000 0.015900 1.000000e-06 500.000000 600.000000 Eta 
13 10000 0.015900 6.309573e-07 500.000000 600.000000 Eta 
10 34208 0.015900 3.981072e-07 500.000000 600.000000 Eta 
10 78137 0.015900 2.511886e-07 500.000000 600.000000 Eta 
10 198287 0.015900 1.584893e-07 500.000000 600.000000 Eta 
10 215781 0.015900 1.000000e-07 500.000000 600.000000 Eta 
10 798012 0.015900 6.309573e-08 500.000000 600.000000 Eta 
10 2456869 0.015900 3.981072e-08 500.000000 600.000000 Eta 
10 4622483 0.015900 2.511886e-08 500.000000 600.000000 Eta 
10 65484 0.019564 1.000000e-04 500.000000 600.000000 Eta 
18 10000 0.019564 6.309573e-05 500.000000 600.000000 Eta 
74 10000 0.019564 3.981072e-05 500.000000 600.000000 Eta 
202 10000 0.019564 2.511886e-05 500.000000 600.000000 Eta 
304 10000 0.019564 1.584893e-05 500.000000 600.000000 Eta 
379 10000 0.019564 1.000000e-05 500.000000 600.000000 Eta 
377 10000 0.019564 6.309573e-06 500.000000 600.000000 Eta 
275 10000 0.019564 3.981072e-06 500.000000 600.000000 Eta 
145 10000 0.019564 2.511886e-06 500.000000 600.000000 Eta 
47 10000 0.019564 1.584893e-06 500.000000 600.000000 Eta 
35 10000 0.019564 1.000000e-06 500.000000 600.000000 Eta 
10 10000 0.019564 6.309573e-07 500.000000 600.000000 Eta 
10 21891 0.019564 3.981072e-07 500.000000 600.000000 Eta 
10 69328 0.019564 2.511886e-07 500.000000 600.000000 Eta 
10 91735 0.019564 1.584893e-07 500.000000 600.000000 Eta 
10 354869 0.019564 1.000000e-07 500.000000 600.000000 Eta 
10 776387 0.019564 6.309573e-08 500.000000 600.000000 Eta 
10 1937411 0.019564 3.981072e-08 500.000000 600.000000 Eta 
10 7073270 0.019564 2.511886e-08 500.000000 600.000000 Eta 
10 2213420 0.024072 1.000000e-04 500.000000 600.000000 Eta 
10 23314 0.024072 6.309573e-05 500.000000 600.000000 Eta 
29 10000 0.024072 3.981072e-05 500.000000 600.000000 Eta 
114 10000 0.024072 2.511886e-05 500.000000 600.000000 Eta 
279 10000 0.024072 1.584893e-05 500.000000 600.000000 Eta 
367 10000 0.024072 1.000000e-05 500.000000 600.000000 Eta 
423 10000 0.024072 6.309573e-06 500.000000 600.000000 Eta 
349 10000 0.024072 3.981072e-06 500.000000 600.000000 Eta 
230 10000 0.024072 2.511886e-06 500.000000 600.000000 Eta 
124 10000 0.024072 1.584893e-06 500.000000 600.000000 Eta 
47 10000 0.024072 1.000000e-06 500.000000 600.000000 Eta 
22 10000 0.024072 6.309573e-07 500.000000 600.000000 Eta 
10 19083 0.024072 3.981072e-07 500.000000 600.000000 Eta 
10 18519 0.024072 2.511886e-07 500.000000 600.000000 Eta 
10 98752 0.024072 1.584893e-07 500.000000 600.000000 Eta 
10 146997 0.024072 1.000000e-07 500.000000 600.000000 Eta 
10 414744 0.024072 6.309573e-08 500.000000 600.000000 Eta 
10 1213691 0.024072 3.981072e-08 500.000000 600.000000 Eta 
10 3638806 0.024072 2.511886e-08 500.000000 600.000000 Eta 
10 57712562 0.029619 1.000000e-04 500.000000 600.000000 Eta 
10 52099 0.029619 6.309573e-05 500.000000 600.000000 Eta 
16 10000 0.029619 3.981072e-05 500.000000 600.000000 Eta 
86 10000 0.029619 2.511886e-05 500.000000 600.000000 Eta 
207 10000 0.029619 1.584893e-05 500.000000 600.000000 Eta 
391 10000 0.029619 1.000000e-05 500.000000 600.000000 Eta 
458 10000 0.029619 6.309573e-06 500.000000 600.000000 Eta 
408 10000 0.029619 3.981072e-06 500.000000 600.000000 Eta 
239 10000 0.029619 2.511886e-06 500.000000 600.000000 Eta 
141 10000 0.029619 1.584893e-06 500.000000 600.000000 Eta 
57 10000 0.029619 1.000000e-06 500.000000 600.000000 Eta 
28 10000 0.029619 6.309573e-07 500.000000 600.000000 Eta 
17 10000 0.029619 3.981072e-07 500.000000 600.000000 Eta 
10 17404 0.029619 2.511886e-07 500.000000 600.000000 Eta 
10 56581 0.029619 1.584893e-07 500.000000 600.000000 Eta 
10 97585 0.029619 1.000000e-07 500.000000 600.000000 Eta 
10 387547 0.029619 6.309573e-08 500.000000 600.000000 Eta 
10 871555 0.029619 3.981072e-08 500.000000 600.000000 Eta 
10 928953 0.029619 2.511886e-08 500.000000 600.000000 Eta 
0 100000000 0.036445 1.000000e-04 500.000000 600.000000 Eta 
10 230742 0.036445 6.309573e-05 500.000000 600.000000 Eta 
10 18517 0.036445 3.981072e-05 500.000000 600.000000 Eta 
43 10000 0.036445 2.511886e-05 500.000000 600.000000 Eta 
119 10000 0.036445 1.584893e-05 500.000000 600.000000 Eta 
289 10000 0.036445 1.000000e-05 500.000000 600.000000 Eta 
429 10000 0.036445 6.309573e-06 500.000000 600.000000 Eta 
381 10000 0.036445 3.981072e-06 500.000000 600.000000 Eta 
336 10000 0.036445 2.511886e-06 500.000000 600.000000 Eta 
210 10000 0.036445 1.584893e-06 500.000000 600.000000 Eta 
96 10000 0.036445 1.000000e-06 500.000000 600.000000 Eta 
43 10000 0.036445 6.309573e-07 500.000000 600.000000 Eta 
29 10000 0.036445 3.981072e-07 500.000000 600.000000 Eta 
11 10000 0.036445 2.511886e-07 500.000000 600.000000 Eta 
10 30711 0.036445 1.584893e-07 500.000000 600.000000 Eta 
10 71068 0.036445 1.000000e-07 500.000000 600.000000 Eta 
10 121898 0.036445 6.309573e-08 500.000000 600.000000 Eta 
10 317046 0.036445 3.981072e-08 500.000000 600.000000 Eta 
10 954220 0.036445 2.511886e-08 500.000000 600.000000 Eta 
0 100000000 0.044843 1.000000e-04 500.000000 600.000000 Eta 
10 4607919 0.044843 6.309573e-05 500.000000 600.000000 Eta 
10 29811 0.044843 3.981072e-05 500.000000 600.000000 Eta 
24 10000 0.044843 2.511886e-05 500.000000 600.000000 Eta 
96 10000 0.044843 1.584893e-05 500.000000 600.000000 Eta 
217 10000 0.044843 1.000000e-05 500.000000 600.000000 Eta 
384 10000 0.044843 6.309573e-06 500.000000 600.000000 Eta 
389 10000 0.044843 3.981072e-06 500.000000 600.000000 Eta 
344 10000 0.044843 2.511886e-06 500.000000 600.000000 Eta 
209 10000 0.044843 1.584893e-06 500.000000 600.000000 Eta 
155 10000 0.044843 1.000000e-06 500.000000 600.000000 Eta 
71 10000 0.044843 6.309573e-07 500.000000 600.000000 Eta 
23 10000 0.044843 3.981072e-07 500.000000 600.000000 Eta 
16 10000 0.044843 2.511886e-07 500.000000 600.000000 Eta 
10 19569 0.044843 1.584893e-07 500.000000 600.000000 Eta 
10 50795 0.044843 1.000000e-07 500.000000 600.000000 Eta 
10 107408 0.044843 6.309573e-08 500.000000 600.000000 Eta 
10 331768 0.044843 3.981072e-08 500.000000 600.000000 Eta 
10 798198 0.044843 2.511886e-08 500.000000 600.000000 Eta 
0 100000000 0.055176 1.000000e-04 500.000000 600.000000 Eta 
1 100000000 0.055176 6.309573e-05 500.000000 600.000000 Eta 
10 323035 0.055176 3.981072e-05 500.000000 600.000000 Eta 
10 10000 0.055176 2.511886e-05 500.000000 600.000000 Eta 
60 10000 0.055176 1.584893e-05 500.000000 600.000000 Eta 
152 10000 0.055176 1.000000e-05 500.000000 600.000000 Eta 
298 10000 0.055176 6.309573e-06 500.000000 600.000000 Eta 
412 10000 0.055176 3.981072e-06 500.000000 600.000000 Eta 
407 10000 0.055176 2.511886e-06 500.000000 600.000000 Eta 
332 10000 0.055176 1.584893e-06 500.000000 600.000000 Eta 
180 10000 0.055176 1.000000e-06 500.000000 600.000000 Eta 
98 10000 0.055176 6.309573e-07 500.000000 600.000000 Eta 
35 10000 0.055176 3.981072e-07 500.000000 600.000000 Eta 
21 10000 0.055176 2.511886e-07 500.000000 600.000000 Eta 
10 10000 0.055176 1.584893e-07 500.000000 600.000000 Eta 
10 39803 0.055176 1.000000e-07 500.000000 600.000000 Eta 
10 72207 0.055176 6.309573e-08 500.000000 600.000000 Eta 
10 233780 0.055176 3.981072e-08 500.000000 600.000000 Eta 
10 571815 0.055176 2.511886e-08 500.000000 600.000000 Eta 
0 100000000 0.067891 1.000000e-04 500.000000 600.000000 Eta 
0 100000000 0.067891 6.309573e-05 500.000000 600.000000 Eta 
10 4359229 0.067891 3.981072e-05 500.000000 600.000000 Eta 
10 49902 0.067891 2.511886e-05 500.000000 600.000000 Eta 
18 10000 0.067891 1.584893e-05 500.000000 600.000000 Eta 
86 10000 0.067891 1.000000e-05 500.000000 600.000000 Eta 
251 10000 0.067891 6.309573e-06 500.000000 600.000000 Eta 
381 10000 0.067891 3.981072e-06 500.000000 600.000000 Eta 
429 10000 0.067891 2.511886e-06 500.000000 600.000000 Eta 
358 10000 0.067891 1.584893e-06 500.000000 600.000000 Eta 
258 10000 0.067891 1.000000e-06 500.000000 600.000000 Eta 
140 10000 0.067891 6.309573e-07 500.000000 600.000000 Eta 
84 10000 0.067891 3.981072e-07 500.000000 600.000000 Eta 
32 10000 0.067891 2.511886e-07 500.000000 600.000000 Eta 
15 10000 0.067891 1.584893e-07 500.000000 600.000000 Eta 
10 30606 0.067891 1.000000e-07 500.000000 600.000000 Eta 
10 44449 0.067891 6.309573e-08 500.000000 600.000000 Eta 
10 153179 0.067891 3.981072e-08 500.000000 600.000000 Eta 
10 278697 0.067891 2.511886e-08 500.000000 600.000000 Eta 
0 100000000 0.083535 1.000000e-04 500.000000 600.000000 Eta 
0 100000000 0.083535 6.309573e-05 500.000000 600.000000 Eta 
10 29504432 0.083535 3.981072e-05 500.000000 600.000000 Eta 
10 95011 0.083535 2.511886e-05 500.000000 600.000000 Eta 
10 10000 0.083535 1.584893e-05 500.000000 600.000000 Eta 
67 10000 0.083535 1.000000e-05 500.000000 600.000000 Eta 
159 10000 0.083535 6.309573e-06 500.000000 600.000000 Eta 
335 10000 0.083535 3.981072e-06 500.000000 600.000000 Eta 
396 10000 0.083535 2.511886e-06 500.000000 600.000000 Eta 
368 10000 0.083535 1.584893e-06 500.000000 600.000000 Eta 
295 10000 0.083535 1.000000e-06 500.000000 600.000000 Eta 
158 10000 0.083535 6.309573e-07 500.000000 600.000000 Eta 
71 10000 0.083535 3.981072e-07 500.000000 600.000000 Eta 
42 10000 0.083535 2.511886e-07 500.000000 600.000000 Eta 
15 10000 0.083535 1.584893e-07 500.000000 600.000000 Eta 
10 14991 0.083535 1.000000e-07 500.000000 600.000000 Eta 
10 34408 0.083535 6.309573e-08 500.000000 600.000000 Eta 
10 58494 0.083535 3.981072e-08 500.000000 600.000000 Eta 
10 403881 0.083535 2.511886e-08 500.000000 600.000000 Eta 
0 100000000 0.102784 1.000000e-04 500.000000 600.000000 Eta 
0 100000000 0.102784 6.309573e-05 500.000000 600.000000 Eta 
0 100000000 0.102784 3.981072e-05 500.000000 600.000000 Eta 
10 1248630 0.102784 2.511886e-05 500.000000 600.000000 Eta 
10 32930 0.102784 1.584893e-05 500.000000 600.000000 Eta 
30 10000 0.102784 1.000000e-05 500.000000 600.000000 Eta 
117 10000 0.102784 6.309573e-06 500.000000 600.000000 Eta 
288 10000 0.102784 3.981072e-06 500.000000 600.000000 Eta 
429 10000 0.102784 2.511886e-06 500.000000 600.000000 Eta 
437 10000 0.102784 1.584893e-06 500.000000 600.000000 Eta 
338 10000 0.102784 1.000000e-06 500.000000 600.000000 Eta 
220 10000 0.102784 6.309573e-07 500.000000 600.000000 Eta 
117 10000 0.102784 3.981072e-07 500.000000 600.000000 Eta 
52 10000 0.102784 2.511886e-07 500.000000 600.000000 Eta 
19 10000 0.102784 1.584893e-07 500.000000 600.000000 Eta 
10 10510 0.102784 1.000000e-07 500.000000 600.000000 Eta 
10 48017 0.102784 6.309573e-08 500.000000 600.000000 Eta 
10 69446 0.102784 3.981072e-08 500.000000 600.000000 Eta 
10 162103 0.102784 2.511886e-08 500.000000 600.000000 Eta 
0 100000000 0.126469 1.000000e-04 500.000000 600.000000 Eta 
0 100000000 0.126469 6.309573e-05 500.000000 600.000000 Eta 
0 100000000 0.126469 3.981072e-05 500.000000 600.000000 Eta 
10 5013745 0.126469 2.511886e-05 500.000000 600.000000 Eta 
10 42948 0.126469 1.584893e-05 500.000000 600.000000 Eta 
14 10000 0.126469 1.000000e-05 500.000000 600.000000 Eta 
81 10000 0.126469 6.309573e-06 500.000000 600.000000 Eta 
216 10000 0.126469 3.981072e-06 500.000000 600.000000 Eta 
342 10000 0.126469 2.511886e-06 500.000000 600.000000 Eta 
422 10000 0.126469 1.584893e-06 500.000000 600.000000 Eta 
362 10000 0.126469 1.000000e-06 500.000000 600.000000 Eta 
285 10000 0.126469 6.309573e-07 500.000000 600.000000 Eta 
141 10000 0.126469 3.981072e-07 500.000000 600.000000 Eta 
68 10000 0.126469 2.511886e-07 500.000000 600.000000 Eta 
42 10000 0.126469 1.584893e-07 500.000000 600.000000 Eta 
11 10000 0.126469 1.000000e-07 500.000000 600.000000 Eta 
10 10453 0.126469 6.309573e-08 500.000000 600.000000 Eta 
10 40881 0.126469 3.981072e-08 500.000000 600.000000 Eta 
10 84733 0.126469 2.511886e-08 500.000000 600.000000 Eta 
0 100000000 0.155612 1.000000e-04 500.000000 600.000000 Eta 
0 100000000 0.155612 6.309573e-05 500.000000 600.000000 Eta 
0 100000000 0.155612 3.981072e-05 500.000000 600.000000 Eta 
0 100000000 0.155612 2.511886e-05 500.000000 600.000000 Eta 
10 375594 0.155612 1.584893e-05 500.000000 600.000000 Eta 
10 17785 0.155612 1.000000e-05 500.000000 600.000000 Eta 
44 10000 0.155612 6.309573e-06 500.000000 600.000000 Eta 
162 10000 0.155612 3.981072e-06 500.000000 600.000000 Eta 
288 10000 0.155612 2.511886e-06 500.000000 600.000000 Eta 
413 10000 0.155612 1.584893e-06 500.000000 600.000000 Eta 
439 10000 0.155612 1.000000e-06 500.000000 600.000000 Eta 
346 10000 0.155612 6.309573e-07 500.000000 600.000000 Eta 
208 10000 0.155612 3.981072e-07 500.000000 600.000000 Eta 
100 10000 0.155612 2.511886e-07 500.000000 600.000000 Eta 
50 10000 0.155612 1.584893e-07 500.000000 600.000000 Eta 
21 10000 0.155612 1.000000e-07 500.000000 600.000000 Eta 
10 10404 0.155612 6.309573e-08 500.000000 600.000000 Eta 
10 38240 0.155612 3.981072e-08 500.000000 600.000000 Eta 
10 59809 0.155612 2.511886e-08 500.000000 600.000000 Eta 
0 100000000 0.191470 1.000000e-04 500.000000 600.000000 Eta 
0 100000000 0.191470 6.309573e-05 500.000000 600.000000 Eta 
0 100000000 0.191470 3.981072e-05 500.000000 600.000000 Eta 
0 100000000 0.191470 2.511886e-05 500.000000 600.000000 Eta 
10 1581789 0.191470 1.584893e-05 500.000000 600.000000 Eta 
10 40073 0.191470 1.000000e-05 500.000000 600.000000 Eta 
22 10000 0.191470 6.309573e-06 500.000000 600.000000 Eta 
96 10000 0.191470 3.981072e-06 500.000000 600.000000 Eta 
255 10000 0.191470 2.511886e-06 500.000000 600.000000 Eta 
367 10000 0.191470 1.584893e-06 500.000000 600.000000 Eta 
411 10000 0.191470 1.000000e-06 500.000000 600.000000 Eta 
412 10000 0.191470 6.309573e-07 500.000000 600.000000 Eta 
241 10000 0.191470 3.981072e-07 500.000000 600.000000 Eta 
141 10000 0.191470 2.511886e-07 500.000000 600.000000 Eta 
59 10000 0.191470 1.584893e-07 500.000000 600.000000 Eta 
28 10000 0.191470 1.000000e-07 500.000000 600.000000 Eta 
18 10000 0.191470 6.309573e-08 500.000000 600.000000 Eta 
10 19050 0.191470 3.981072e-08 500.000000 600.000000 Eta 
10 47243 0.191470 2.511886e-08 500.000000 600.000000 Eta 
0 100000000 0.235592 1.000000e-04 500.000000 600.000000 Eta 
0 100000000 0.235592 6.309573e-05 500.000000 600.000000 Eta 
0 100000000 0.235592 3.981072e-05 500.000000 600.000000 Eta 
0 100000000 0.235592 2.511886e-05 500.000000 600.000000 Eta 
0 100000000 0.235592 1.584893e-05 500.000000 600.000000 Eta 
10 25197256 0.235592 1.000000e-05 500.000000 600.000000 Eta 
10 43971 0.235592 6.309573e-06 500.000000 600.000000 Eta 
21 10000 0.235592 3.981072e-06 500.000000 600.000000 Eta 
108 10000 0.235592 2.511886e-06 500.000000 600.000000 Eta 
249 10000 0.235592 1.584893e-06 500.000000 600.000000 Eta 
381 10000 0.235592 1.000000e-06 500.000000 600.000000 Eta 
435 10000 0.235592 6.309573e-07 500.000000 600.000000 Eta 
376 10000 0.235592 3.981072e-07 500.000000 600.000000 Eta 
259 10000 0.235592 2.511886e-07 500.000000 600.000000 Eta 
112 10000 0.235592 1.584893e-07 500.000000 600.000000 Eta 
55 10000 0.235592 1.000000e-07 500.000000 600.000000 Eta 
24 10000 0.235592 6.309573e-08 500.000000 600.000000 Eta 
12 10000 0.235592 3.981072e-08 500.000000 600.000000 Eta 
10 25566 0.235592 2.511886e-08 500.000000 600.000000 Eta 
0 100000000 0.289880 1.000000e-04 500.000000 600.000000 Eta 
0 100000000 0.289880 6.309573e-05 500.000000 600.000000 Eta 
0 100000000 0.289880 3.981072e-05 500.000000 600.000000 Eta 
0 100000000 0.289880 2.511886e-05 500.000000 600.000000 Eta 
0 100000000 0.289880 1.584893e-05 500.000000 600.000000 Eta 
0 100000000 0.289880 1.000000e-05 500.000000 600.000000 Eta 
10 3299953 0.289880 6.309573e-06 500.000000 600.000000 Eta 
10 27316 0.289880 3.981072e-06 500.000000 600.000000 Eta 
50 10000 0.289880 2.511886e-06 500.000000 600.000000 Eta 
141 10000 0.289880 1.584893e-06 500.000000 600.000000 Eta 
326 10000 0.289880 1.000000e-06 500.000000 600.000000 Eta 
407 10000 0.289880 6.309573e-07 500.000000 600.000000 Eta 
462 10000 0.289880 3.981072e-07 500.000000 600.000000 Eta 
327 10000 0.289880 2.511886e-07 500.000000 600.000000 Eta 
204 10000 0.289880 1.584893e-07 500.000000 600.000000 Eta 
97 10000 0.289880 1.000000e-07 500.000000 600.000000 Eta 
48 10000 0.289880 6.309573e-08 500.000000 600.000000 Eta 
21 10000 0.289880 3.981072e-08 500.000000 600.000000 Eta 
12 10000 0.289880 2.511886e-08 500.000000 600.000000 Eta 
0 100000000 0.356678 1.000000e-04 500.000000 600.000000 Eta 
0 100000000 0.356678 6.309573e-05 500.000000 600.000000 Eta 
0 100000000 0.356678 3.981072e-05 500.000000 600.000000 Eta 
0 100000000 0.356678 2.511886e-05 500.000000 600.000000 Eta 
0 100000000 0.356678 1.584893e-05 500.000000 600.000000 Eta 
0 100000000 0.356678 1.000000e-05 500.000000 600.000000 Eta 
10 9308918 0.356678 6.309573e-06 500.000000 600.000000 Eta 
10 69369 0.356678 3.981072e-06 500.000000 600.000000 Eta 
29 10000 0.356678 2.511886e-06 500.000000 600.000000 Eta 
108 10000 0.356678 1.584893e-06 500.000000 600.000000 Eta 
236 10000 0.356678 1.000000e-06 500.000000 600.000000 Eta 
418 10000 0.356678 6.309573e-07 500.000000 600.000000 Eta 
446 10000 0.356678 3.981072e-07 500.000000 600.000000 Eta 
359 10000 0.356678 2.511886e-07 500.000000 600.000000 Eta 
229 10000 0.356678 1.584893e-07 500.000000 600.000000 Eta 
114 10000 0.356678 1.000000e-07 500.000000 600.000000 Eta 
45 10000 0.356678 6.309573e-08 500.000000 600.000000 Eta 
23 10000 0.356678 3.981072e-08 500.000000 600.000000 Eta 
10 10157 0.356678 2.511886e-08 500.000000 600.000000 Eta 
0 100000000 0.438869 1.000000e-04 500.000000 600.000000 Eta 
0 100000000 0.438869 6.309573e-05 500.000000 600.000000 Eta 
0 100000000 0.438869 3.981072e-05 500.000000 600.000000 Eta 
0 100000000 0.438869 2.511886e-05 500.000000 600.000000 Eta 
0 100000000 0.438869 1.584893e-05 500.000000 600.000000 Eta 
0 100000000 0.438869 1.000000e-05 500.000000 600.000000 Eta 
0 100000000 0.438869 6.309573e-06 500.000000 600.000000 Eta 
10 1988104 0.438869 3.981072e-06 500.000000 600.000000 Eta 
10 19152 0.438869 2.511886e-06 500.000000 600.000000 Eta 
46 10000 0.438869 1.584893e-06 500.000000 600.000000 Eta 
201 10000 0.438869 1.000000e-06 500.000000 600.000000 Eta 
380 10000 0.438869 6.309573e-07 500.000000 600.000000 Eta 
473 10000 0.438869 3.981072e-07 500.000000 600.000000 Eta 
410 10000 0.438869 2.511886e-07 500.000000 600.000000 Eta 
281 10000 0.438869 1.584893e-07 500.000000 600.000000 Eta 
162 10000 0.438869 1.000000e-07 500.000000 600.000000 Eta 
66 10000 0.438869 6.309573e-08 500.000000 600.000000 Eta 
25 10000 0.438869 3.981072e-08 500.000000 600.000000 Eta 
13 10000 0.438869 2.511886e-08 500.000000 600.000000 Eta 
0 100000000 0.540000 1.000000e-04 500.000000 600.000000 Eta 
0 100000000 0.540000 6.309573e-05 500.000000 600.000000 Eta 
0 100000000 0.540000 3.981072e-05 500.000000 600.000000 Eta 
0 100000000 0.540000 2.511886e-05 500.000000 600.000000 Eta 
0 100000000 0.540000 1.584893e-05 500.000000 600.000000 Eta 
0 100000000 0.540000 1.000000e-05 500.000000 600.000000 Eta 
0 100000000 0.540000 6.309573e-06 500.000000 600.000000 Eta 
10 8190492 0.540000 3.981072e-06 500.000000 600.000000 Eta 
10 30575 0.540000 2.511886e-06 500.000000 600.000000 Eta 
28 10000 0.540000 1.584893e-06 500.000000 600.000000 Eta 
131 10000 0.540000 1.000000e-06 500.000000 600.000000 Eta 
338 10000 0.540000 6.309573e-07 500.000000 600.000000 Eta 
467 10000 0.540000 3.981072e-07 500.000000 600.000000 Eta 
452 10000 0.540000 2.511886e-07 500.000000 600.000000 Eta 
321 10000 0.540000 1.584893e-07 500.000000 600.000000 Eta 
201 10000 0.540000 1.000000e-07 500.000000 600.000000 Eta 
95 10000 0.540000 6.309573e-08 500.000000 600.000000 Eta 
40 10000 0.540000 3.981072e-08 500.000000 600.000000 Eta 
17 10000 0.540000 2.511886e-08 500.000000 600.000000 Eta 
