0 10000000 0.250000 1.000000e-03 500.000000 600.000000 Brem 
0 10000000 0.250000 6.309573e-04 500.000000 600.000000 Brem 
0 10000000 0.250000 3.981072e-04 500.000000 600.000000 Brem 
0 10000000 0.250000 2.511886e-04 500.000000 600.000000 Brem 
0 10000000 0.250000 1.584893e-04 500.000000 600.000000 Brem 
0 10000000 0.250000 1.000000e-04 500.000000 600.000000 Brem 
0 10000000 0.250000 6.309573e-05 500.000000 600.000000 Brem 
0 10000000 0.250000 3.981072e-05 500.000000 600.000000 Brem 
0 10000000 0.250000 2.511886e-05 500.000000 600.000000 Brem 
0 10000000 0.250000 1.584893e-05 500.000000 600.000000 Brem 
762 10000000 0.250000 1.000000e-05 500.000000 600.000000 Brem 
10000 2760054 0.250000 6.309573e-06 500.000000 600.000000 Brem 
10000 467920 0.250000 3.981072e-06 500.000000 600.000000 Brem 
10000 185173 0.250000 2.511886e-06 500.000000 600.000000 Brem 
10000 161054 0.250000 1.584893e-06 500.000000 600.000000 Brem 
10000 247960 0.250000 1.000000e-06 500.000000 600.000000 Brem 
10000 502473 0.250000 6.309573e-07 500.000000 600.000000 Brem 
10000 1156023 0.250000 3.981072e-07 500.000000 600.000000 Brem 
10000 2826789 0.250000 2.511886e-07 500.000000 600.000000 Brem 
10000 7048187 0.250000 1.584893e-07 500.000000 600.000000 Brem 
5762 10000000 0.250000 1.000000e-07 500.000000 600.000000 Brem 
2367 10000000 0.250000 6.309573e-08 500.000000 600.000000 Brem 
843 10000000 0.250000 3.981072e-08 500.000000 600.000000 Brem 
378 10000000 0.250000 2.511886e-08 500.000000 600.000000 Brem 
134 10000000 0.250000 1.584893e-08 500.000000 600.000000 Brem 
60 10000000 0.250000 1.000000e-08 500.000000 600.000000 Brem 
0 10000000 0.350000 1.000000e-03 500.000000 600.000000 Brem 
0 10000000 0.350000 6.309573e-04 500.000000 600.000000 Brem 
0 10000000 0.350000 3.981072e-04 500.000000 600.000000 Brem 
0 10000000 0.350000 2.511886e-04 500.000000 600.000000 Brem 
0 10000000 0.350000 1.584893e-04 500.000000 600.000000 Brem 
0 10000000 0.350000 1.000000e-04 500.000000 600.000000 Brem 
0 10000000 0.350000 6.309573e-05 500.000000 600.000000 Brem 
0 10000000 0.350000 3.981072e-05 500.000000 600.000000 Brem 
0 10000000 0.350000 2.511886e-05 500.000000 600.000000 Brem 
0 10000000 0.350000 1.584893e-05 500.000000 600.000000 Brem 
1 10000000 0.350000 1.000000e-05 500.000000 600.000000 Brem 
1043 10000000 0.350000 6.309573e-06 500.000000 600.000000 Brem 
10000 2410944 0.350000 3.981072e-06 500.000000 600.000000 Brem 
10000 415835 0.350000 2.511886e-06 500.000000 600.000000 Brem 
10000 180082 0.350000 1.584893e-06 500.000000 600.000000 Brem 
10000 166080 0.350000 1.000000e-06 500.000000 600.000000 Brem 
10000 259629 0.350000 6.309573e-07 500.000000 600.000000 Brem 
10000 545544 0.350000 3.981072e-07 500.000000 600.000000 Brem 
10000 1254867 0.350000 2.511886e-07 500.000000 600.000000 Brem 
10000 3057703 0.350000 1.584893e-07 500.000000 600.000000 Brem 
10000 7786799 0.350000 1.000000e-07 500.000000 600.000000 Brem 
5285 10000000 0.350000 6.309573e-08 500.000000 600.000000 Brem 
2059 10000000 0.350000 3.981072e-08 500.000000 600.000000 Brem 
825 10000000 0.350000 2.511886e-08 500.000000 600.000000 Brem 
360 10000000 0.350000 1.584893e-08 500.000000 600.000000 Brem 
152 10000000 0.350000 1.000000e-08 500.000000 600.000000 Brem 
0 10000000 0.450000 1.000000e-03 500.000000 600.000000 Brem 
0 10000000 0.450000 6.309573e-04 500.000000 600.000000 Brem 
0 10000000 0.450000 3.981072e-04 500.000000 600.000000 Brem 
0 10000000 0.450000 2.511886e-04 500.000000 600.000000 Brem 
0 10000000 0.450000 1.584893e-04 500.000000 600.000000 Brem 
0 10000000 0.450000 1.000000e-04 500.000000 600.000000 Brem 
0 10000000 0.450000 6.309573e-05 500.000000 600.000000 Brem 
0 10000000 0.450000 3.981072e-05 500.000000 600.000000 Brem 
0 10000000 0.450000 2.511886e-05 500.000000 600.000000 Brem 
0 10000000 0.450000 1.584893e-05 500.000000 600.000000 Brem 
0 10000000 0.450000 1.000000e-05 500.000000 600.000000 Brem 
9 10000000 0.450000 6.309573e-06 500.000000 600.000000 Brem 
5702 10000000 0.450000 3.981072e-06 500.000000 600.000000 Brem 
10000 1108902 0.450000 2.511886e-06 500.000000 600.000000 Brem 
10000 274165 0.450000 1.584893e-06 500.000000 600.000000 Brem 
10000 162086 0.450000 1.000000e-06 500.000000 600.000000 Brem 
10000 187904 0.450000 6.309573e-07 500.000000 600.000000 Brem 
10000 332761 0.450000 3.981072e-07 500.000000 600.000000 Brem 
10000 721263 0.450000 2.511886e-07 500.000000 600.000000 Brem 
10000 1732202 0.450000 1.584893e-07 500.000000 600.000000 Brem 
10000 4195655 0.450000 1.000000e-07 500.000000 600.000000 Brem 
9531 10000000 0.450000 6.309573e-08 500.000000 600.000000 Brem 
3804 10000000 0.450000 3.981072e-08 500.000000 600.000000 Brem 
1534 10000000 0.450000 2.511886e-08 500.000000 600.000000 Brem 
593 10000000 0.450000 1.584893e-08 500.000000 600.000000 Brem 
230 10000000 0.450000 1.000000e-08 500.000000 600.000000 Brem 
0 10000000 0.550000 1.000000e-03 500.000000 600.000000 Brem 
0 10000000 0.550000 6.309573e-04 500.000000 600.000000 Brem 
0 10000000 0.550000 3.981072e-04 500.000000 600.000000 Brem 
0 10000000 0.550000 2.511886e-04 500.000000 600.000000 Brem 
0 10000000 0.550000 1.584893e-04 500.000000 600.000000 Brem 
0 10000000 0.550000 1.000000e-04 500.000000 600.000000 Brem 
0 10000000 0.550000 6.309573e-05 500.000000 600.000000 Brem 
0 10000000 0.550000 3.981072e-05 500.000000 600.000000 Brem 
0 10000000 0.550000 2.511886e-05 500.000000 600.000000 Brem 
0 10000000 0.550000 1.584893e-05 500.000000 600.000000 Brem 
0 10000000 0.550000 1.000000e-05 500.000000 600.000000 Brem 
0 10000000 0.550000 6.309573e-06 500.000000 600.000000 Brem 
213 10000000 0.550000 3.981072e-06 500.000000 600.000000 Brem 
10000 4601227 0.550000 2.511886e-06 500.000000 600.000000 Brem 
10000 559435 0.550000 1.584893e-06 500.000000 600.000000 Brem 
10000 204112 0.550000 1.000000e-06 500.000000 600.000000 Brem 
10000 162381 0.550000 6.309573e-07 500.000000 600.000000 Brem 
10000 223624 0.550000 3.981072e-07 500.000000 600.000000 Brem 
10000 445326 0.550000 2.511886e-07 500.000000 600.000000 Brem 
10000 1019373 0.550000 1.584893e-07 500.000000 600.000000 Brem 
10000 2427832 0.550000 1.000000e-07 500.000000 600.000000 Brem 
10000 5891369 0.550000 6.309573e-08 500.000000 600.000000 Brem 
6669 10000000 0.550000 3.981072e-08 500.000000 600.000000 Brem 
2739 10000000 0.550000 2.511886e-08 500.000000 600.000000 Brem 
1105 10000000 0.550000 1.584893e-08 500.000000 600.000000 Brem 
430 10000000 0.550000 1.000000e-08 500.000000 600.000000 Brem 
0 10000000 0.650000 1.000000e-03 500.000000 600.000000 Brem 
0 10000000 0.650000 6.309573e-04 500.000000 600.000000 Brem 
0 10000000 0.650000 3.981072e-04 500.000000 600.000000 Brem 
0 10000000 0.650000 2.511886e-04 500.000000 600.000000 Brem 
0 10000000 0.650000 1.584893e-04 500.000000 600.000000 Brem 
0 10000000 0.650000 1.000000e-04 500.000000 600.000000 Brem 
0 10000000 0.650000 6.309573e-05 500.000000 600.000000 Brem 
0 10000000 0.650000 3.981072e-05 500.000000 600.000000 Brem 
0 10000000 0.650000 2.511886e-05 500.000000 600.000000 Brem 
0 10000000 0.650000 1.584893e-05 500.000000 600.000000 Brem 
0 10000000 0.650000 1.000000e-05 500.000000 600.000000 Brem 
0 10000000 0.650000 6.309573e-06 500.000000 600.000000 Brem 
0 10000000 0.650000 3.981072e-06 500.000000 600.000000 Brem 
407 10000000 0.650000 2.511886e-06 500.000000 600.000000 Brem 
10000 3465817 0.650000 1.584893e-06 500.000000 600.000000 Brem 
10000 465956 0.650000 1.000000e-06 500.000000 600.000000 Brem 
10000 188458 0.650000 6.309573e-07 500.000000 600.000000 Brem 
10000 162772 0.650000 3.981072e-07 500.000000 600.000000 Brem 
10000 246397 0.650000 2.511886e-07 500.000000 600.000000 Brem 
10000 490605 0.650000 1.584893e-07 500.000000 600.000000 Brem 
10000 1153021 0.650000 1.000000e-07 500.000000 600.000000 Brem 
10000 2777737 0.650000 6.309573e-08 500.000000 600.000000 Brem 
10000 6804410 0.650000 3.981072e-08 500.000000 600.000000 Brem 
5719 10000000 0.650000 2.511886e-08 500.000000 600.000000 Brem 
2413 10000000 0.650000 1.584893e-08 500.000000 600.000000 Brem 
963 10000000 0.650000 1.000000e-08 500.000000 600.000000 Brem 
0 10000000 0.750000 1.000000e-03 500.000000 600.000000 Brem 
0 10000000 0.750000 6.309573e-04 500.000000 600.000000 Brem 
0 10000000 0.750000 3.981072e-04 500.000000 600.000000 Brem 
0 10000000 0.750000 2.511886e-04 500.000000 600.000000 Brem 
0 10000000 0.750000 1.584893e-04 500.000000 600.000000 Brem 
0 10000000 0.750000 1.000000e-04 500.000000 600.000000 Brem 
0 10000000 0.750000 6.309573e-05 500.000000 600.000000 Brem 
0 10000000 0.750000 3.981072e-05 500.000000 600.000000 Brem 
0 10000000 0.750000 2.511886e-05 500.000000 600.000000 Brem 
0 10000000 0.750000 1.584893e-05 500.000000 600.000000 Brem 
0 10000000 0.750000 1.000000e-05 500.000000 600.000000 Brem 
0 10000000 0.750000 6.309573e-06 500.000000 600.000000 Brem 
0 10000000 0.750000 3.981072e-06 500.000000 600.000000 Brem 
0 10000000 0.750000 2.511886e-06 500.000000 600.000000 Brem 
118 10000000 0.750000 1.584893e-06 500.000000 600.000000 Brem 
10000 5821054 0.750000 1.000000e-06 500.000000 600.000000 Brem 
10000 638944 0.750000 6.309573e-07 500.000000 600.000000 Brem 
10000 220837 0.750000 3.981072e-07 500.000000 600.000000 Brem 
10000 162500 0.750000 2.511886e-07 500.000000 600.000000 Brem 
10000 213553 0.750000 1.584893e-07 500.000000 600.000000 Brem 
10000 401501 0.750000 1.000000e-07 500.000000 600.000000 Brem 
10000 915044 0.750000 6.309573e-08 500.000000 600.000000 Brem 
10000 2171651 0.750000 3.981072e-08 500.000000 600.000000 Brem 
10000 5403042 0.750000 2.511886e-08 500.000000 600.000000 Brem 
7333 10000000 0.750000 1.584893e-08 500.000000 600.000000 Brem 
3012 10000000 0.750000 1.000000e-08 500.000000 600.000000 Brem 
0 10000000 0.850000 1.000000e-03 500.000000 600.000000 Brem 
0 10000000 0.850000 6.309573e-04 500.000000 600.000000 Brem 
0 10000000 0.850000 3.981072e-04 500.000000 600.000000 Brem 
0 10000000 0.850000 2.511886e-04 500.000000 600.000000 Brem 
0 10000000 0.850000 1.584893e-04 500.000000 600.000000 Brem 
0 10000000 0.850000 1.000000e-04 500.000000 600.000000 Brem 
0 10000000 0.850000 6.309573e-05 500.000000 600.000000 Brem 
0 10000000 0.850000 3.981072e-05 500.000000 600.000000 Brem 
0 10000000 0.850000 2.511886e-05 500.000000 600.000000 Brem 
0 10000000 0.850000 1.584893e-05 500.000000 600.000000 Brem 
0 10000000 0.850000 1.000000e-05 500.000000 600.000000 Brem 
0 10000000 0.850000 6.309573e-06 500.000000 600.000000 Brem 
0 10000000 0.850000 3.981072e-06 500.000000 600.000000 Brem 
0 10000000 0.850000 2.511886e-06 500.000000 600.000000 Brem 
2602 10000000 0.850000 1.584893e-06 500.000000 600.000000 Brem 
10000 1302358 0.850000 1.000000e-06 500.000000 600.000000 Brem 
10000 309512 0.850000 6.309573e-07 500.000000 600.000000 Brem 
10000 168957 0.850000 3.981072e-07 500.000000 600.000000 Brem 
10000 179547 0.850000 2.511886e-07 500.000000 600.000000 Brem 
10000 305975 0.850000 1.584893e-07 500.000000 600.000000 Brem 
10000 642856 0.850000 1.000000e-07 500.000000 600.000000 Brem 
10000 1521052 0.850000 6.309573e-08 500.000000 600.000000 Brem 
10000 3665439 0.850000 3.981072e-08 500.000000 600.000000 Brem 
10000 9086934 0.850000 2.511886e-08 500.000000 600.000000 Brem 
4337 10000000 0.850000 1.584893e-08 500.000000 600.000000 Brem 
1740 10000000 0.850000 1.000000e-08 500.000000 600.000000 Brem 
0 10000000 0.950000 1.000000e-03 500.000000 600.000000 Brem 
0 10000000 0.950000 6.309573e-04 500.000000 600.000000 Brem 
0 10000000 0.950000 3.981072e-04 500.000000 600.000000 Brem 
0 10000000 0.950000 2.511886e-04 500.000000 600.000000 Brem 
0 10000000 0.950000 1.584893e-04 500.000000 600.000000 Brem 
0 10000000 0.950000 1.000000e-04 500.000000 600.000000 Brem 
0 10000000 0.950000 6.309573e-05 500.000000 600.000000 Brem 
0 10000000 0.950000 3.981072e-05 500.000000 600.000000 Brem 
0 10000000 0.950000 2.511886e-05 500.000000 600.000000 Brem 
0 10000000 0.950000 1.584893e-05 500.000000 600.000000 Brem 
0 10000000 0.950000 1.000000e-05 500.000000 600.000000 Brem 
0 10000000 0.950000 6.309573e-06 500.000000 600.000000 Brem 
0 10000000 0.950000 3.981072e-06 500.000000 600.000000 Brem 
28 10000000 0.950000 2.511886e-06 500.000000 600.000000 Brem 
10000 9174958 0.950000 1.584893e-06 500.000000 600.000000 Brem 
10000 722383 0.950000 1.000000e-06 500.000000 600.000000 Brem 
10000 232459 0.950000 6.309573e-07 500.000000 600.000000 Brem 
10000 161434 0.950000 3.981072e-07 500.000000 600.000000 Brem 
10000 208100 0.950000 2.511886e-07 500.000000 600.000000 Brem 
10000 379487 0.950000 1.584893e-07 500.000000 600.000000 Brem 
10000 837835 0.950000 1.000000e-07 500.000000 600.000000 Brem 
10000 1983422 0.950000 6.309573e-08 500.000000 600.000000 Brem 
10000 4822283 0.950000 3.981072e-08 500.000000 600.000000 Brem 
8142 10000000 0.950000 2.511886e-08 500.000000 600.000000 Brem 
3346 10000000 0.950000 1.584893e-08 500.000000 600.000000 Brem 
1271 10000000 0.950000 1.000000e-08 500.000000 600.000000 Brem 
0 10000000 1.050000 1.000000e-03 500.000000 600.000000 Brem 
0 10000000 1.050000 6.309573e-04 500.000000 600.000000 Brem 
0 10000000 1.050000 3.981072e-04 500.000000 600.000000 Brem 
0 10000000 1.050000 2.511886e-04 500.000000 600.000000 Brem 
0 10000000 1.050000 1.584893e-04 500.000000 600.000000 Brem 
0 10000000 1.050000 1.000000e-04 500.000000 600.000000 Brem 
0 10000000 1.050000 6.309573e-05 500.000000 600.000000 Brem 
0 10000000 1.050000 3.981072e-05 500.000000 600.000000 Brem 
0 10000000 1.050000 2.511886e-05 500.000000 600.000000 Brem 
0 10000000 1.050000 1.584893e-05 500.000000 600.000000 Brem 
0 10000000 1.050000 1.000000e-05 500.000000 600.000000 Brem 
0 10000000 1.050000 6.309573e-06 500.000000 600.000000 Brem 
0 10000000 1.050000 3.981072e-06 500.000000 600.000000 Brem 
3 10000000 1.050000 2.511886e-06 500.000000 600.000000 Brem 
3337 10000000 1.050000 1.584893e-06 500.000000 600.000000 Brem 
10000 1252643 1.050000 1.000000e-06 500.000000 600.000000 Brem 
10000 311532 1.050000 6.309573e-07 500.000000 600.000000 Brem 
10000 168569 1.050000 3.981072e-07 500.000000 600.000000 Brem 
10000 180660 1.050000 2.511886e-07 500.000000 600.000000 Brem 
10000 306659 1.050000 1.584893e-07 500.000000 600.000000 Brem 
10000 643684 1.050000 1.000000e-07 500.000000 600.000000 Brem 
10000 1488283 1.050000 6.309573e-08 500.000000 600.000000 Brem 
10000 3656169 1.050000 3.981072e-08 500.000000 600.000000 Brem 
10000 9224179 1.050000 2.511886e-08 500.000000 600.000000 Brem 
4406 10000000 1.050000 1.584893e-08 500.000000 600.000000 Brem 
1735 10000000 1.050000 1.000000e-08 500.000000 600.000000 Brem 
0 10000000 1.150000 1.000000e-03 500.000000 600.000000 Brem 
0 10000000 1.150000 6.309573e-04 500.000000 600.000000 Brem 
0 10000000 1.150000 3.981072e-04 500.000000 600.000000 Brem 
0 10000000 1.150000 2.511886e-04 500.000000 600.000000 Brem 
0 10000000 1.150000 1.584893e-04 500.000000 600.000000 Brem 
0 10000000 1.150000 1.000000e-04 500.000000 600.000000 Brem 
0 10000000 1.150000 6.309573e-05 500.000000 600.000000 Brem 
0 10000000 1.150000 3.981072e-05 500.000000 600.000000 Brem 
0 10000000 1.150000 2.511886e-05 500.000000 600.000000 Brem 
0 10000000 1.150000 1.584893e-05 500.000000 600.000000 Brem 
0 10000000 1.150000 1.000000e-05 500.000000 600.000000 Brem 
0 10000000 1.150000 6.309573e-06 500.000000 600.000000 Brem 
0 10000000 1.150000 3.981072e-06 500.000000 600.000000 Brem 
1 10000000 1.150000 2.511886e-06 500.000000 600.000000 Brem 
3565 10000000 1.150000 1.584893e-06 500.000000 600.000000 Brem 
10000 1060873 1.150000 1.000000e-06 500.000000 600.000000 Brem 
10000 285869 1.150000 6.309573e-07 500.000000 600.000000 Brem 
10000 171484 1.150000 3.981072e-07 500.000000 600.000000 Brem 
10000 185135 1.150000 2.511886e-07 500.000000 600.000000 Brem 
10000 315277 1.150000 1.584893e-07 500.000000 600.000000 Brem 
10000 662325 1.150000 1.000000e-07 500.000000 600.000000 Brem 
10000 1573084 1.150000 6.309573e-08 500.000000 600.000000 Brem 
10000 3844936 1.150000 3.981072e-08 500.000000 600.000000 Brem 
10000 9487098 1.150000 2.511886e-08 500.000000 600.000000 Brem 
4148 10000000 1.150000 1.584893e-08 500.000000 600.000000 Brem 
1651 10000000 1.150000 1.000000e-08 500.000000 600.000000 Brem 
0 10000000 1.250000 1.000000e-03 500.000000 600.000000 Brem 
0 10000000 1.250000 6.309573e-04 500.000000 600.000000 Brem 
0 10000000 1.250000 3.981072e-04 500.000000 600.000000 Brem 
0 10000000 1.250000 2.511886e-04 500.000000 600.000000 Brem 
0 10000000 1.250000 1.584893e-04 500.000000 600.000000 Brem 
0 10000000 1.250000 1.000000e-04 500.000000 600.000000 Brem 
0 10000000 1.250000 6.309573e-05 500.000000 600.000000 Brem 
0 10000000 1.250000 3.981072e-05 500.000000 600.000000 Brem 
0 10000000 1.250000 2.511886e-05 500.000000 600.000000 Brem 
0 10000000 1.250000 1.584893e-05 500.000000 600.000000 Brem 
0 10000000 1.250000 1.000000e-05 500.000000 600.000000 Brem 
0 10000000 1.250000 6.309573e-06 500.000000 600.000000 Brem 
0 10000000 1.250000 3.981072e-06 500.000000 600.000000 Brem 
0 10000000 1.250000 2.511886e-06 500.000000 600.000000 Brem 
859 10000000 1.250000 1.584893e-06 500.000000 600.000000 Brem 
10000 1926246 1.250000 1.000000e-06 500.000000 600.000000 Brem 
10000 369498 1.250000 6.309573e-07 500.000000 600.000000 Brem 
10000 181612 1.250000 3.981072e-07 500.000000 600.000000 Brem 
10000 168170 1.250000 2.511886e-07 500.000000 600.000000 Brem 
10000 270422 1.250000 1.584893e-07 500.000000 600.000000 Brem 
10000 547553 1.250000 1.000000e-07 500.000000 600.000000 Brem 
10000 1275939 1.250000 6.309573e-08 500.000000 600.000000 Brem 
10000 3132609 1.250000 3.981072e-08 500.000000 600.000000 Brem 
10000 7658056 1.250000 2.511886e-08 500.000000 600.000000 Brem 
5337 10000000 1.250000 1.584893e-08 500.000000 600.000000 Brem 
2046 10000000 1.250000 1.000000e-08 500.000000 600.000000 Brem 
0 10000000 1.350000 1.000000e-03 500.000000 600.000000 Brem 
0 10000000 1.350000 6.309573e-04 500.000000 600.000000 Brem 
0 10000000 1.350000 3.981072e-04 500.000000 600.000000 Brem 
0 10000000 1.350000 2.511886e-04 500.000000 600.000000 Brem 
0 10000000 1.350000 1.584893e-04 500.000000 600.000000 Brem 
0 10000000 1.350000 1.000000e-04 500.000000 600.000000 Brem 
0 10000000 1.350000 6.309573e-05 500.000000 600.000000 Brem 
0 10000000 1.350000 3.981072e-05 500.000000 600.000000 Brem 
0 10000000 1.350000 2.511886e-05 500.000000 600.000000 Brem 
0 10000000 1.350000 1.584893e-05 500.000000 600.000000 Brem 
0 10000000 1.350000 1.000000e-05 500.000000 600.000000 Brem 
0 10000000 1.350000 6.309573e-06 500.000000 600.000000 Brem 
0 10000000 1.350000 3.981072e-06 500.000000 600.000000 Brem 
0 10000000 1.350000 2.511886e-06 500.000000 600.000000 Brem 
141 10000000 1.350000 1.584893e-06 500.000000 600.000000 Brem 
10000 4139892 1.350000 1.000000e-06 500.000000 600.000000 Brem 
10000 505752 1.350000 6.309573e-07 500.000000 600.000000 Brem 
10000 204091 1.350000 3.981072e-07 500.000000 600.000000 Brem 
10000 164716 1.350000 2.511886e-07 500.000000 600.000000 Brem 
10000 233145 1.350000 1.584893e-07 500.000000 600.000000 Brem 
10000 444645 1.350000 1.000000e-07 500.000000 600.000000 Brem 
10000 1018060 1.350000 6.309573e-08 500.000000 600.000000 Brem 
10000 2446349 1.350000 3.981072e-08 500.000000 600.000000 Brem 
10000 6095852 1.350000 2.511886e-08 500.000000 600.000000 Brem 
6733 10000000 1.350000 1.584893e-08 500.000000 600.000000 Brem 
2609 10000000 1.350000 1.000000e-08 500.000000 600.000000 Brem 
0 10000000 1.450000 1.000000e-03 500.000000 600.000000 Brem 
0 10000000 1.450000 6.309573e-04 500.000000 600.000000 Brem 
0 10000000 1.450000 3.981072e-04 500.000000 600.000000 Brem 
0 10000000 1.450000 2.511886e-04 500.000000 600.000000 Brem 
0 10000000 1.450000 1.584893e-04 500.000000 600.000000 Brem 
0 10000000 1.450000 1.000000e-04 500.000000 600.000000 Brem 
0 10000000 1.450000 6.309573e-05 500.000000 600.000000 Brem 
0 10000000 1.450000 3.981072e-05 500.000000 600.000000 Brem 
0 10000000 1.450000 2.511886e-05 500.000000 600.000000 Brem 
0 10000000 1.450000 1.584893e-05 500.000000 600.000000 Brem 
0 10000000 1.450000 1.000000e-05 500.000000 600.000000 Brem 
0 10000000 1.450000 6.309573e-06 500.000000 600.000000 Brem 
0 10000000 1.450000 3.981072e-06 500.000000 600.000000 Brem 
0 10000000 1.450000 2.511886e-06 500.000000 600.000000 Brem 
6 10000000 1.450000 1.584893e-06 500.000000 600.000000 Brem 
7075 10000000 1.450000 1.000000e-06 500.000000 600.000000 Brem 
10000 848052 1.450000 6.309573e-07 500.000000 600.000000 Brem 
10000 251734 1.450000 3.981072e-07 500.000000 600.000000 Brem 
10000 165248 1.450000 2.511886e-07 500.000000 600.000000 Brem 
10000 197385 1.450000 1.584893e-07 500.000000 600.000000 Brem 
10000 355640 1.450000 1.000000e-07 500.000000 600.000000 Brem 
10000 772118 1.450000 6.309573e-08 500.000000 600.000000 Brem 
10000 1816468 1.450000 3.981072e-08 500.000000 600.000000 Brem 
10000 4496910 1.450000 2.511886e-08 500.000000 600.000000 Brem 
9078 10000000 1.450000 1.584893e-08 500.000000 600.000000 Brem 
3563 10000000 1.450000 1.000000e-08 500.000000 600.000000 Brem 
0 10000000 1.550000 1.000000e-03 500.000000 600.000000 Brem 
0 10000000 1.550000 6.309573e-04 500.000000 600.000000 Brem 
0 10000000 1.550000 3.981072e-04 500.000000 600.000000 Brem 
0 10000000 1.550000 2.511886e-04 500.000000 600.000000 Brem 
0 10000000 1.550000 1.584893e-04 500.000000 600.000000 Brem 
0 10000000 1.550000 1.000000e-04 500.000000 600.000000 Brem 
0 10000000 1.550000 6.309573e-05 500.000000 600.000000 Brem 
0 10000000 1.550000 3.981072e-05 500.000000 600.000000 Brem 
0 10000000 1.550000 2.511886e-05 500.000000 600.000000 Brem 
0 10000000 1.550000 1.584893e-05 500.000000 600.000000 Brem 
0 10000000 1.550000 1.000000e-05 500.000000 600.000000 Brem 
0 10000000 1.550000 6.309573e-06 500.000000 600.000000 Brem 
0 10000000 1.550000 3.981072e-06 500.000000 600.000000 Brem 
0 10000000 1.550000 2.511886e-06 500.000000 600.000000 Brem 
0 10000000 1.550000 1.584893e-06 500.000000 600.000000 Brem 
2368 10000000 1.550000 1.000000e-06 500.000000 600.000000 Brem 
10000 1319535 1.550000 6.309573e-07 500.000000 600.000000 Brem 
10000 314253 1.550000 3.981072e-07 500.000000 600.000000 Brem 
10000 175059 1.550000 2.511886e-07 500.000000 600.000000 Brem 
10000 182037 1.550000 1.584893e-07 500.000000 600.000000 Brem 
10000 296212 1.550000 1.000000e-07 500.000000 600.000000 Brem 
10000 617772 1.550000 6.309573e-08 500.000000 600.000000 Brem 
10000 1424295 1.550000 3.981072e-08 500.000000 600.000000 Brem 
10000 3558591 1.550000 2.511886e-08 500.000000 600.000000 Brem 
10000 8635501 1.550000 1.584893e-08 500.000000 600.000000 Brem 
4674 10000000 1.550000 1.000000e-08 500.000000 600.000000 Brem 
0 10000000 1.650000 1.000000e-03 500.000000 600.000000 Brem 
0 10000000 1.650000 6.309573e-04 500.000000 600.000000 Brem 
0 10000000 1.650000 3.981072e-04 500.000000 600.000000 Brem 
0 10000000 1.650000 2.511886e-04 500.000000 600.000000 Brem 
0 10000000 1.650000 1.584893e-04 500.000000 600.000000 Brem 
0 10000000 1.650000 1.000000e-04 500.000000 600.000000 Brem 
0 10000000 1.650000 6.309573e-05 500.000000 600.000000 Brem 
0 10000000 1.650000 3.981072e-05 500.000000 600.000000 Brem 
0 10000000 1.650000 2.511886e-05 500.000000 600.000000 Brem 
0 10000000 1.650000 1.584893e-05 500.000000 600.000000 Brem 
0 10000000 1.650000 1.000000e-05 500.000000 600.000000 Brem 
0 10000000 1.650000 6.309573e-06 500.000000 600.000000 Brem 
0 10000000 1.650000 3.981072e-06 500.000000 600.000000 Brem 
0 10000000 1.650000 2.511886e-06 500.000000 600.000000 Brem 
0 10000000 1.650000 1.584893e-06 500.000000 600.000000 Brem 
879 10000000 1.650000 1.000000e-06 500.000000 600.000000 Brem 
10000 1926940 1.650000 6.309573e-07 500.000000 600.000000 Brem 
10000 376148 1.650000 3.981072e-07 500.000000 600.000000 Brem 
10000 183239 1.650000 2.511886e-07 500.000000 600.000000 Brem 
10000 169325 1.650000 1.584893e-07 500.000000 600.000000 Brem 
10000 263113 1.650000 1.000000e-07 500.000000 600.000000 Brem 
10000 541792 1.650000 6.309573e-08 500.000000 600.000000 Brem 
10000 1231742 1.650000 3.981072e-08 500.000000 600.000000 Brem 
10000 2945412 1.650000 2.511886e-08 500.000000 600.000000 Brem 
10000 7160206 1.650000 1.584893e-08 500.000000 600.000000 Brem 
5361 10000000 1.650000 1.000000e-08 500.000000 600.000000 Brem 
0 10000000 1.750000 1.000000e-03 500.000000 600.000000 Brem 
0 10000000 1.750000 6.309573e-04 500.000000 600.000000 Brem 
0 10000000 1.750000 3.981072e-04 500.000000 600.000000 Brem 
0 10000000 1.750000 2.511886e-04 500.000000 600.000000 Brem 
0 10000000 1.750000 1.584893e-04 500.000000 600.000000 Brem 
0 10000000 1.750000 1.000000e-04 500.000000 600.000000 Brem 
0 10000000 1.750000 6.309573e-05 500.000000 600.000000 Brem 
0 10000000 1.750000 3.981072e-05 500.000000 600.000000 Brem 
0 10000000 1.750000 2.511886e-05 500.000000 600.000000 Brem 
0 10000000 1.750000 1.584893e-05 500.000000 600.000000 Brem 
0 10000000 1.750000 1.000000e-05 500.000000 600.000000 Brem 
0 10000000 1.750000 6.309573e-06 500.000000 600.000000 Brem 
0 10000000 1.750000 3.981072e-06 500.000000 600.000000 Brem 
0 10000000 1.750000 2.511886e-06 500.000000 600.000000 Brem 
0 10000000 1.750000 1.584893e-06 500.000000 600.000000 Brem 
277 10000000 1.750000 1.000000e-06 500.000000 600.000000 Brem 
10000 2989415 1.750000 6.309573e-07 500.000000 600.000000 Brem 
10000 416831 1.750000 3.981072e-07 500.000000 600.000000 Brem 
10000 195277 1.750000 2.511886e-07 500.000000 600.000000 Brem 
10000 166756 1.750000 1.584893e-07 500.000000 600.000000 Brem 
10000 246046 1.750000 1.000000e-07 500.000000 600.000000 Brem 
10000 484886 1.750000 6.309573e-08 500.000000 600.000000 Brem 
10000 1112086 1.750000 3.981072e-08 500.000000 600.000000 Brem 
10000 2635437 1.750000 2.511886e-08 500.000000 600.000000 Brem 
10000 6589591 1.750000 1.584893e-08 500.000000 600.000000 Brem 
6227 10000000 1.750000 1.000000e-08 500.000000 600.000000 Brem 
0 10000000 1.850000 1.000000e-03 500.000000 600.000000 Brem 
0 10000000 1.850000 6.309573e-04 500.000000 600.000000 Brem 
0 10000000 1.850000 3.981072e-04 500.000000 600.000000 Brem 
0 10000000 1.850000 2.511886e-04 500.000000 600.000000 Brem 
0 10000000 1.850000 1.584893e-04 500.000000 600.000000 Brem 
0 10000000 1.850000 1.000000e-04 500.000000 600.000000 Brem 
0 10000000 1.850000 6.309573e-05 500.000000 600.000000 Brem 
0 10000000 1.850000 3.981072e-05 500.000000 600.000000 Brem 
0 10000000 1.850000 2.511886e-05 500.000000 600.000000 Brem 
0 10000000 1.850000 1.584893e-05 500.000000 600.000000 Brem 
0 10000000 1.850000 1.000000e-05 500.000000 600.000000 Brem 
0 10000000 1.850000 6.309573e-06 500.000000 600.000000 Brem 
0 10000000 1.850000 3.981072e-06 500.000000 600.000000 Brem 
0 10000000 1.850000 2.511886e-06 500.000000 600.000000 Brem 
0 10000000 1.850000 1.584893e-06 500.000000 600.000000 Brem 
383 10000000 1.850000 1.000000e-06 500.000000 600.000000 Brem 
10000 2611849 1.850000 6.309573e-07 500.000000 600.000000 Brem 
10000 398173 1.850000 3.981072e-07 500.000000 600.000000 Brem 
10000 190013 1.850000 2.511886e-07 500.000000 600.000000 Brem 
10000 171864 1.850000 1.584893e-07 500.000000 600.000000 Brem 
10000 254334 1.850000 1.000000e-07 500.000000 600.000000 Brem 
10000 493458 1.850000 6.309573e-08 500.000000 600.000000 Brem 
10000 1123737 1.850000 3.981072e-08 500.000000 600.000000 Brem 
10000 2760614 1.850000 2.511886e-08 500.000000 600.000000 Brem 
10000 6763322 1.850000 1.584893e-08 500.000000 600.000000 Brem 
5750 10000000 1.850000 1.000000e-08 500.000000 600.000000 Brem 
0 10000000 1.950000 1.000000e-03 500.000000 600.000000 Brem 
0 10000000 1.950000 6.309573e-04 500.000000 600.000000 Brem 
0 10000000 1.950000 3.981072e-04 500.000000 600.000000 Brem 
0 10000000 1.950000 2.511886e-04 500.000000 600.000000 Brem 
0 10000000 1.950000 1.584893e-04 500.000000 600.000000 Brem 
0 10000000 1.950000 1.000000e-04 500.000000 600.000000 Brem 
0 10000000 1.950000 6.309573e-05 500.000000 600.000000 Brem 
0 10000000 1.950000 3.981072e-05 500.000000 600.000000 Brem 
0 10000000 1.950000 2.511886e-05 500.000000 600.000000 Brem 
0 10000000 1.950000 1.584893e-05 500.000000 600.000000 Brem 
0 10000000 1.950000 1.000000e-05 500.000000 600.000000 Brem 
0 10000000 1.950000 6.309573e-06 500.000000 600.000000 Brem 
0 10000000 1.950000 3.981072e-06 500.000000 600.000000 Brem 
0 10000000 1.950000 2.511886e-06 500.000000 600.000000 Brem 
0 10000000 1.950000 1.584893e-06 500.000000 600.000000 Brem 
173 10000000 1.950000 1.000000e-06 500.000000 600.000000 Brem 
10000 3549712 1.950000 6.309573e-07 500.000000 600.000000 Brem 
10000 451457 1.950000 3.981072e-07 500.000000 600.000000 Brem 
10000 199552 1.950000 2.511886e-07 500.000000 600.000000 Brem 
10000 166217 1.950000 1.584893e-07 500.000000 600.000000 Brem 
10000 241083 1.950000 1.000000e-07 500.000000 600.000000 Brem 
10000 476710 1.950000 6.309573e-08 500.000000 600.000000 Brem 
10000 1043959 1.950000 3.981072e-08 500.000000 600.000000 Brem 
10000 2536646 1.950000 2.511886e-08 500.000000 600.000000 Brem 
10000 6275791 1.950000 1.584893e-08 500.000000 600.000000 Brem 
6416 10000000 1.950000 1.000000e-08 500.000000 600.000000 Brem 
0 10000000 2.050000 1.000000e-03 500.000000 600.000000 Brem 
0 10000000 2.050000 6.309573e-04 500.000000 600.000000 Brem 
0 10000000 2.050000 3.981072e-04 500.000000 600.000000 Brem 
0 10000000 2.050000 2.511886e-04 500.000000 600.000000 Brem 
0 10000000 2.050000 1.584893e-04 500.000000 600.000000 Brem 
0 10000000 2.050000 1.000000e-04 500.000000 600.000000 Brem 
0 10000000 2.050000 6.309573e-05 500.000000 600.000000 Brem 
0 10000000 2.050000 3.981072e-05 500.000000 600.000000 Brem 
0 10000000 2.050000 2.511886e-05 500.000000 600.000000 Brem 
0 10000000 2.050000 1.584893e-05 500.000000 600.000000 Brem 
0 10000000 2.050000 1.000000e-05 500.000000 600.000000 Brem 
0 10000000 2.050000 6.309573e-06 500.000000 600.000000 Brem 
0 10000000 2.050000 3.981072e-06 500.000000 600.000000 Brem 
0 10000000 2.050000 2.511886e-06 500.000000 600.000000 Brem 
0 10000000 2.050000 1.584893e-06 500.000000 600.000000 Brem 
40 10000000 2.050000 1.000000e-06 500.000000 600.000000 Brem 
10000 7089413 2.050000 6.309573e-07 500.000000 600.000000 Brem 
10000 611421 2.050000 3.981072e-07 500.000000 600.000000 Brem 
10000 218240 2.050000 2.511886e-07 500.000000 600.000000 Brem 
10000 166654 2.050000 1.584893e-07 500.000000 600.000000 Brem 
10000 211176 2.050000 1.000000e-07 500.000000 600.000000 Brem 
10000 398220 2.050000 6.309573e-08 500.000000 600.000000 Brem 
10000 884571 2.050000 3.981072e-08 500.000000 600.000000 Brem 
10000 2104609 2.050000 2.511886e-08 500.000000 600.000000 Brem 
10000 5227826 2.050000 1.584893e-08 500.000000 600.000000 Brem 
7662 10000000 2.050000 1.000000e-08 500.000000 600.000000 Brem 
0 10000000 2.150000 1.000000e-03 500.000000 600.000000 Brem 
0 10000000 2.150000 6.309573e-04 500.000000 600.000000 Brem 
0 10000000 2.150000 3.981072e-04 500.000000 600.000000 Brem 
0 10000000 2.150000 2.511886e-04 500.000000 600.000000 Brem 
0 10000000 2.150000 1.584893e-04 500.000000 600.000000 Brem 
0 10000000 2.150000 1.000000e-04 500.000000 600.000000 Brem 
0 10000000 2.150000 6.309573e-05 500.000000 600.000000 Brem 
0 10000000 2.150000 3.981072e-05 500.000000 600.000000 Brem 
0 10000000 2.150000 2.511886e-05 500.000000 600.000000 Brem 
0 10000000 2.150000 1.584893e-05 500.000000 600.000000 Brem 
0 10000000 2.150000 1.000000e-05 500.000000 600.000000 Brem 
0 10000000 2.150000 6.309573e-06 500.000000 600.000000 Brem 
0 10000000 2.150000 3.981072e-06 500.000000 600.000000 Brem 
0 10000000 2.150000 2.511886e-06 500.000000 600.000000 Brem 
0 10000000 2.150000 1.584893e-06 500.000000 600.000000 Brem 
13 10000000 2.150000 1.000000e-06 500.000000 600.000000 Brem 
10000 9910838 2.150000 6.309573e-07 500.000000 600.000000 Brem 
10000 703506 2.150000 3.981072e-07 500.000000 600.000000 Brem 
10000 232834 2.150000 2.511886e-07 500.000000 600.000000 Brem 
10000 166471 2.150000 1.584893e-07 500.000000 600.000000 Brem 
10000 207669 2.150000 1.000000e-07 500.000000 600.000000 Brem 
10000 374627 2.150000 6.309573e-08 500.000000 600.000000 Brem 
10000 830059 2.150000 3.981072e-08 500.000000 600.000000 Brem 
10000 1969946 2.150000 2.511886e-08 500.000000 600.000000 Brem 
10000 4910114 2.150000 1.584893e-08 500.000000 600.000000 Brem 
8308 10000000 2.150000 1.000000e-08 500.000000 600.000000 Brem 
0 10000000 2.250000 1.000000e-03 500.000000 600.000000 Brem 
0 10000000 2.250000 6.309573e-04 500.000000 600.000000 Brem 
0 10000000 2.250000 3.981072e-04 500.000000 600.000000 Brem 
0 10000000 2.250000 2.511886e-04 500.000000 600.000000 Brem 
0 10000000 2.250000 1.584893e-04 500.000000 600.000000 Brem 
0 10000000 2.250000 1.000000e-04 500.000000 600.000000 Brem 
0 10000000 2.250000 6.309573e-05 500.000000 600.000000 Brem 
0 10000000 2.250000 3.981072e-05 500.000000 600.000000 Brem 
0 10000000 2.250000 2.511886e-05 500.000000 600.000000 Brem 
0 10000000 2.250000 1.584893e-05 500.000000 600.000000 Brem 
0 10000000 2.250000 1.000000e-05 500.000000 600.000000 Brem 
0 10000000 2.250000 6.309573e-06 500.000000 600.000000 Brem 
0 10000000 2.250000 3.981072e-06 500.000000 600.000000 Brem 
0 10000000 2.250000 2.511886e-06 500.000000 600.000000 Brem 
0 10000000 2.250000 1.584893e-06 500.000000 600.000000 Brem 
6 10000000 2.250000 1.000000e-06 500.000000 600.000000 Brem 
8510 10000000 2.250000 6.309573e-07 500.000000 600.000000 Brem 
10000 698726 2.250000 3.981072e-07 500.000000 600.000000 Brem 
10000 227688 2.250000 2.511886e-07 500.000000 600.000000 Brem 
10000 167146 2.250000 1.584893e-07 500.000000 600.000000 Brem 
10000 209456 2.250000 1.000000e-07 500.000000 600.000000 Brem 
10000 375954 2.250000 6.309573e-08 500.000000 600.000000 Brem 
10000 816950 2.250000 3.981072e-08 500.000000 600.000000 Brem 
10000 1959495 2.250000 2.511886e-08 500.000000 600.000000 Brem 
10000 4750458 2.250000 1.584893e-08 500.000000 600.000000 Brem 
8375 10000000 2.250000 1.000000e-08 500.000000 600.000000 Brem 
0 10000000 2.350000 1.000000e-03 500.000000 600.000000 Brem 
0 10000000 2.350000 6.309573e-04 500.000000 600.000000 Brem 
0 10000000 2.350000 3.981072e-04 500.000000 600.000000 Brem 
0 10000000 2.350000 2.511886e-04 500.000000 600.000000 Brem 
0 10000000 2.350000 1.584893e-04 500.000000 600.000000 Brem 
0 10000000 2.350000 1.000000e-04 500.000000 600.000000 Brem 
0 10000000 2.350000 6.309573e-05 500.000000 600.000000 Brem 
0 10000000 2.350000 3.981072e-05 500.000000 600.000000 Brem 
0 10000000 2.350000 2.511886e-05 500.000000 600.000000 Brem 
0 10000000 2.350000 1.584893e-05 500.000000 600.000000 Brem 
0 10000000 2.350000 1.000000e-05 500.000000 600.000000 Brem 
0 10000000 2.350000 6.309573e-06 500.000000 600.000000 Brem 
0 10000000 2.350000 3.981072e-06 500.000000 600.000000 Brem 
0 10000000 2.350000 2.511886e-06 500.000000 600.000000 Brem 
0 10000000 2.350000 1.584893e-06 500.000000 600.000000 Brem 
3 10000000 2.350000 1.000000e-06 500.000000 600.000000 Brem 
5243 10000000 2.350000 6.309573e-07 500.000000 600.000000 Brem 
10000 852861 2.350000 3.981072e-07 500.000000 600.000000 Brem 
10000 253340 2.350000 2.511886e-07 500.000000 600.000000 Brem 
10000 168959 2.350000 1.584893e-07 500.000000 600.000000 Brem 
10000 197601 2.350000 1.000000e-07 500.000000 600.000000 Brem 
10000 343615 2.350000 6.309573e-08 500.000000 600.000000 Brem 
10000 736491 2.350000 3.981072e-08 500.000000 600.000000 Brem 
10000 1694531 2.350000 2.511886e-08 500.000000 600.000000 Brem 
10000 4233123 2.350000 1.584893e-08 500.000000 600.000000 Brem 
9473 10000000 2.350000 1.000000e-08 500.000000 600.000000 Brem 
0 10000000 2.450000 1.000000e-03 500.000000 600.000000 Brem 
0 10000000 2.450000 6.309573e-04 500.000000 600.000000 Brem 
0 10000000 2.450000 3.981072e-04 500.000000 600.000000 Brem 
0 10000000 2.450000 2.511886e-04 500.000000 600.000000 Brem 
0 10000000 2.450000 1.584893e-04 500.000000 600.000000 Brem 
0 10000000 2.450000 1.000000e-04 500.000000 600.000000 Brem 
0 10000000 2.450000 6.309573e-05 500.000000 600.000000 Brem 
0 10000000 2.450000 3.981072e-05 500.000000 600.000000 Brem 
0 10000000 2.450000 2.511886e-05 500.000000 600.000000 Brem 
0 10000000 2.450000 1.584893e-05 500.000000 600.000000 Brem 
0 10000000 2.450000 1.000000e-05 500.000000 600.000000 Brem 
0 10000000 2.450000 6.309573e-06 500.000000 600.000000 Brem 
0 10000000 2.450000 3.981072e-06 500.000000 600.000000 Brem 
0 10000000 2.450000 2.511886e-06 500.000000 600.000000 Brem 
0 10000000 2.450000 1.584893e-06 500.000000 600.000000 Brem 
1 10000000 2.450000 1.000000e-06 500.000000 600.000000 Brem 
3089 10000000 2.450000 6.309573e-07 500.000000 600.000000 Brem 
10000 1103553 2.450000 3.981072e-07 500.000000 600.000000 Brem 
10000 285715 2.450000 2.511886e-07 500.000000 600.000000 Brem 
10000 171515 2.450000 1.584893e-07 500.000000 600.000000 Brem 
10000 187143 2.450000 1.000000e-07 500.000000 600.000000 Brem 
10000 310488 2.450000 6.309573e-08 500.000000 600.000000 Brem 
10000 658331 2.450000 3.981072e-08 500.000000 600.000000 Brem 
10000 1540398 2.450000 2.511886e-08 500.000000 600.000000 Brem 
10000 3762988 2.450000 1.584893e-08 500.000000 600.000000 Brem 
10000 9341979 2.450000 1.000000e-08 500.000000 600.000000 Brem 
0 10000000 2.550000 1.000000e-03 500.000000 600.000000 Brem 
0 10000000 2.550000 6.309573e-04 500.000000 600.000000 Brem 
0 10000000 2.550000 3.981072e-04 500.000000 600.000000 Brem 
0 10000000 2.550000 2.511886e-04 500.000000 600.000000 Brem 
0 10000000 2.550000 1.584893e-04 500.000000 600.000000 Brem 
0 10000000 2.550000 1.000000e-04 500.000000 600.000000 Brem 
0 10000000 2.550000 6.309573e-05 500.000000 600.000000 Brem 
0 10000000 2.550000 3.981072e-05 500.000000 600.000000 Brem 
0 10000000 2.550000 2.511886e-05 500.000000 600.000000 Brem 
0 10000000 2.550000 1.584893e-05 500.000000 600.000000 Brem 
0 10000000 2.550000 1.000000e-05 500.000000 600.000000 Brem 
0 10000000 2.550000 6.309573e-06 500.000000 600.000000 Brem 
0 10000000 2.550000 3.981072e-06 500.000000 600.000000 Brem 
0 10000000 2.550000 2.511886e-06 500.000000 600.000000 Brem 
0 10000000 2.550000 1.584893e-06 500.000000 600.000000 Brem 
0 10000000 2.550000 1.000000e-06 500.000000 600.000000 Brem 
1893 10000000 2.550000 6.309573e-07 500.000000 600.000000 Brem 
10000 1317058 2.550000 3.981072e-07 500.000000 600.000000 Brem 
10000 296337 2.550000 2.511886e-07 500.000000 600.000000 Brem 
10000 173491 2.550000 1.584893e-07 500.000000 600.000000 Brem 
10000 183448 2.550000 1.000000e-07 500.000000 600.000000 Brem 
10000 304510 2.550000 6.309573e-08 500.000000 600.000000 Brem 
10000 635428 2.550000 3.981072e-08 500.000000 600.000000 Brem 
10000 1461456 2.550000 2.511886e-08 500.000000 600.000000 Brem 
10000 3556796 2.550000 1.584893e-08 500.000000 600.000000 Brem 
10000 8897636 2.550000 1.000000e-08 500.000000 600.000000 Brem 
0 10000000 2.650000 1.000000e-03 500.000000 600.000000 Brem 
0 10000000 2.650000 6.309573e-04 500.000000 600.000000 Brem 
0 10000000 2.650000 3.981072e-04 500.000000 600.000000 Brem 
0 10000000 2.650000 2.511886e-04 500.000000 600.000000 Brem 
0 10000000 2.650000 1.584893e-04 500.000000 600.000000 Brem 
0 10000000 2.650000 1.000000e-04 500.000000 600.000000 Brem 
0 10000000 2.650000 6.309573e-05 500.000000 600.000000 Brem 
0 10000000 2.650000 3.981072e-05 500.000000 600.000000 Brem 
0 10000000 2.650000 2.511886e-05 500.000000 600.000000 Brem 
0 10000000 2.650000 1.584893e-05 500.000000 600.000000 Brem 
0 10000000 2.650000 1.000000e-05 500.000000 600.000000 Brem 
0 10000000 2.650000 6.309573e-06 500.000000 600.000000 Brem 
0 10000000 2.650000 3.981072e-06 500.000000 600.000000 Brem 
0 10000000 2.650000 2.511886e-06 500.000000 600.000000 Brem 
0 10000000 2.650000 1.584893e-06 500.000000 600.000000 Brem 
0 10000000 2.650000 1.000000e-06 500.000000 600.000000 Brem 
1775 10000000 2.650000 6.309573e-07 500.000000 600.000000 Brem 
10000 1266190 2.650000 3.981072e-07 500.000000 600.000000 Brem 
10000 290685 2.650000 2.511886e-07 500.000000 600.000000 Brem 
10000 176527 2.650000 1.584893e-07 500.000000 600.000000 Brem 
10000 180778 2.650000 1.000000e-07 500.000000 600.000000 Brem 
10000 297097 2.650000 6.309573e-08 500.000000 600.000000 Brem 
10000 610717 2.650000 3.981072e-08 500.000000 600.000000 Brem 
10000 1401544 2.650000 2.511886e-08 500.000000 600.000000 Brem 
10000 3428658 2.650000 1.584893e-08 500.000000 600.000000 Brem 
10000 8683801 2.650000 1.000000e-08 500.000000 600.000000 Brem 
0 10000000 2.750000 1.000000e-03 500.000000 600.000000 Brem 
0 10000000 2.750000 6.309573e-04 500.000000 600.000000 Brem 
0 10000000 2.750000 3.981072e-04 500.000000 600.000000 Brem 
0 10000000 2.750000 2.511886e-04 500.000000 600.000000 Brem 
0 10000000 2.750000 1.584893e-04 500.000000 600.000000 Brem 
0 10000000 2.750000 1.000000e-04 500.000000 600.000000 Brem 
0 10000000 2.750000 6.309573e-05 500.000000 600.000000 Brem 
0 10000000 2.750000 3.981072e-05 500.000000 600.000000 Brem 
0 10000000 2.750000 2.511886e-05 500.000000 600.000000 Brem 
0 10000000 2.750000 1.584893e-05 500.000000 600.000000 Brem 
0 10000000 2.750000 1.000000e-05 500.000000 600.000000 Brem 
0 10000000 2.750000 6.309573e-06 500.000000 600.000000 Brem 
0 10000000 2.750000 3.981072e-06 500.000000 600.000000 Brem 
0 10000000 2.750000 2.511886e-06 500.000000 600.000000 Brem 
0 10000000 2.750000 1.584893e-06 500.000000 600.000000 Brem 
0 10000000 2.750000 1.000000e-06 500.000000 600.000000 Brem 
949 10000000 2.750000 6.309573e-07 500.000000 600.000000 Brem 
10000 1509140 2.750000 3.981072e-07 500.000000 600.000000 Brem 
10000 304451 2.750000 2.511886e-07 500.000000 600.000000 Brem 
10000 181349 2.750000 1.584893e-07 500.000000 600.000000 Brem 
10000 183596 2.750000 1.000000e-07 500.000000 600.000000 Brem 
10000 285614 2.750000 6.309573e-08 500.000000 600.000000 Brem 
10000 589208 2.750000 3.981072e-08 500.000000 600.000000 Brem 
10000 1357055 2.750000 2.511886e-08 500.000000 600.000000 Brem 
10000 3239725 2.750000 1.584893e-08 500.000000 600.000000 Brem 
10000 8113232 2.750000 1.000000e-08 500.000000 600.000000 Brem 
0 10000000 2.850000 1.000000e-03 500.000000 600.000000 Brem 
0 10000000 2.850000 6.309573e-04 500.000000 600.000000 Brem 
0 10000000 2.850000 3.981072e-04 500.000000 600.000000 Brem 
0 10000000 2.850000 2.511886e-04 500.000000 600.000000 Brem 
0 10000000 2.850000 1.584893e-04 500.000000 600.000000 Brem 
0 10000000 2.850000 1.000000e-04 500.000000 600.000000 Brem 
0 10000000 2.850000 6.309573e-05 500.000000 600.000000 Brem 
0 10000000 2.850000 3.981072e-05 500.000000 600.000000 Brem 
0 10000000 2.850000 2.511886e-05 500.000000 600.000000 Brem 
0 10000000 2.850000 1.584893e-05 500.000000 600.000000 Brem 
0 10000000 2.850000 1.000000e-05 500.000000 600.000000 Brem 
0 10000000 2.850000 6.309573e-06 500.000000 600.000000 Brem 
0 10000000 2.850000 3.981072e-06 500.000000 600.000000 Brem 
0 10000000 2.850000 2.511886e-06 500.000000 600.000000 Brem 
0 10000000 2.850000 1.584893e-06 500.000000 600.000000 Brem 
0 10000000 2.850000 1.000000e-06 500.000000 600.000000 Brem 
628 10000000 2.850000 6.309573e-07 500.000000 600.000000 Brem 
10000 1961411 2.850000 3.981072e-07 500.000000 600.000000 Brem 
10000 343346 2.850000 2.511886e-07 500.000000 600.000000 Brem 
10000 183929 2.850000 1.584893e-07 500.000000 600.000000 Brem 
10000 175498 2.850000 1.000000e-07 500.000000 600.000000 Brem 
10000 266897 2.850000 6.309573e-08 500.000000 600.000000 Brem 
10000 534019 2.850000 3.981072e-08 500.000000 600.000000 Brem 
10000 1226392 2.850000 2.511886e-08 500.000000 600.000000 Brem 
10000 2977927 2.850000 1.584893e-08 500.000000 600.000000 Brem 
10000 7345777 2.850000 1.000000e-08 500.000000 600.000000 Brem 
0 10000000 2.950000 1.000000e-03 500.000000 600.000000 Brem 
0 10000000 2.950000 6.309573e-04 500.000000 600.000000 Brem 
0 10000000 2.950000 3.981072e-04 500.000000 600.000000 Brem 
0 10000000 2.950000 2.511886e-04 500.000000 600.000000 Brem 
0 10000000 2.950000 1.584893e-04 500.000000 600.000000 Brem 
0 10000000 2.950000 1.000000e-04 500.000000 600.000000 Brem 
0 10000000 2.950000 6.309573e-05 500.000000 600.000000 Brem 
0 10000000 2.950000 3.981072e-05 500.000000 600.000000 Brem 
0 10000000 2.950000 2.511886e-05 500.000000 600.000000 Brem 
0 10000000 2.950000 1.584893e-05 500.000000 600.000000 Brem 
0 10000000 2.950000 1.000000e-05 500.000000 600.000000 Brem 
0 10000000 2.950000 6.309573e-06 500.000000 600.000000 Brem 
0 10000000 2.950000 3.981072e-06 500.000000 600.000000 Brem 
0 10000000 2.950000 2.511886e-06 500.000000 600.000000 Brem 
0 10000000 2.950000 1.584893e-06 500.000000 600.000000 Brem 
0 10000000 2.950000 1.000000e-06 500.000000 600.000000 Brem 
292 10000000 2.950000 6.309573e-07 500.000000 600.000000 Brem 
10000 2463005 2.950000 3.981072e-07 500.000000 600.000000 Brem 
10000 392965 2.950000 2.511886e-07 500.000000 600.000000 Brem 
10000 193810 2.950000 1.584893e-07 500.000000 600.000000 Brem 
10000 171585 2.950000 1.000000e-07 500.000000 600.000000 Brem 
10000 244234 2.950000 6.309573e-08 500.000000 600.000000 Brem 
10000 490253 2.950000 3.981072e-08 500.000000 600.000000 Brem 
10000 1110810 2.950000 2.511886e-08 500.000000 600.000000 Brem 
10000 2663003 2.950000 1.584893e-08 500.000000 600.000000 Brem 
10000 6594554 2.950000 1.000000e-08 500.000000 600.000000 Brem 
0 10000000 3.050000 1.000000e-03 500.000000 600.000000 Brem 
0 10000000 3.050000 6.309573e-04 500.000000 600.000000 Brem 
0 10000000 3.050000 3.981072e-04 500.000000 600.000000 Brem 
0 10000000 3.050000 2.511886e-04 500.000000 600.000000 Brem 
0 10000000 3.050000 1.584893e-04 500.000000 600.000000 Brem 
0 10000000 3.050000 1.000000e-04 500.000000 600.000000 Brem 
0 10000000 3.050000 6.309573e-05 500.000000 600.000000 Brem 
0 10000000 3.050000 3.981072e-05 500.000000 600.000000 Brem 
0 10000000 3.050000 2.511886e-05 500.000000 600.000000 Brem 
0 10000000 3.050000 1.584893e-05 500.000000 600.000000 Brem 
0 10000000 3.050000 1.000000e-05 500.000000 600.000000 Brem 
0 10000000 3.050000 6.309573e-06 500.000000 600.000000 Brem 
0 10000000 3.050000 3.981072e-06 500.000000 600.000000 Brem 
0 10000000 3.050000 2.511886e-06 500.000000 600.000000 Brem 
0 10000000 3.050000 1.584893e-06 500.000000 600.000000 Brem 
0 10000000 3.050000 1.000000e-06 500.000000 600.000000 Brem 
126 10000000 3.050000 6.309573e-07 500.000000 600.000000 Brem 
10000 3853418 3.050000 3.981072e-07 500.000000 600.000000 Brem 
10000 440103 3.050000 2.511886e-07 500.000000 600.000000 Brem 
10000 195583 3.050000 1.584893e-07 500.000000 600.000000 Brem 
10000 164945 3.050000 1.000000e-07 500.000000 600.000000 Brem 
10000 241949 3.050000 6.309573e-08 500.000000 600.000000 Brem 
10000 476292 3.050000 3.981072e-08 500.000000 600.000000 Brem 
10000 1084743 3.050000 2.511886e-08 500.000000 600.000000 Brem 
10000 2644144 3.050000 1.584893e-08 500.000000 600.000000 Brem 
10000 6465653 3.050000 1.000000e-08 500.000000 600.000000 Brem 
0 10000000 0.250000 1.000000e-03 500.000000 600.000000 Eta 
0 10000000 0.250000 6.309573e-04 500.000000 600.000000 Eta 
0 10000000 0.250000 3.981072e-04 500.000000 600.000000 Eta 
0 10000000 0.250000 2.511886e-04 500.000000 600.000000 Eta 
0 10000000 0.250000 1.584893e-04 500.000000 600.000000 Eta 
0 10000000 0.250000 1.000000e-04 500.000000 600.000000 Eta 
0 10000000 0.250000 6.309573e-05 500.000000 600.000000 Eta 
0 10000000 0.250000 3.981072e-05 500.000000 600.000000 Eta 
0 10000000 0.250000 2.511886e-05 500.000000 600.000000 Eta 
0 10000000 0.250000 1.584893e-05 500.000000 600.000000 Eta 
0 10000000 0.250000 1.000000e-05 500.000000 600.000000 Eta 
940 10000000 0.250000 6.309573e-06 500.000000 600.000000 Eta 
10000 4935922 0.250000 3.981072e-06 500.000000 600.000000 Eta 
10000 1148154 0.250000 2.511886e-06 500.000000 600.000000 Eta 
10000 457354 0.250000 1.584893e-06 500.000000 600.000000 Eta 
10000 278033 0.250000 1.000000e-06 500.000000 600.000000 Eta 
10000 222342 0.250000 6.309573e-07 500.000000 600.000000 Eta 
10000 236396 0.250000 3.981072e-07 500.000000 600.000000 Eta 
10000 351382 0.250000 2.511886e-07 500.000000 600.000000 Eta 
10000 628124 0.250000 1.584893e-07 500.000000 600.000000 Eta 
10000 1303591 0.250000 1.000000e-07 500.000000 600.000000 Eta 
10000 2852960 0.250000 6.309573e-08 500.000000 600.000000 Eta 
10000 6306795 0.250000 3.981072e-08 500.000000 600.000000 Eta 
6665 10000000 0.250000 2.511886e-08 500.000000 600.000000 Eta 
2751 10000000 0.250000 1.584893e-08 500.000000 600.000000 Eta 
1073 10000000 0.250000 1.000000e-08 500.000000 600.000000 Eta 
0 10000000 0.270000 1.000000e-03 500.000000 600.000000 Eta 
0 10000000 0.270000 6.309573e-04 500.000000 600.000000 Eta 
0 10000000 0.270000 3.981072e-04 500.000000 600.000000 Eta 
0 10000000 0.270000 2.511886e-04 500.000000 600.000000 Eta 
0 10000000 0.270000 1.584893e-04 500.000000 600.000000 Eta 
0 10000000 0.270000 1.000000e-04 500.000000 600.000000 Eta 
0 10000000 0.270000 6.309573e-05 500.000000 600.000000 Eta 
0 10000000 0.270000 3.981072e-05 500.000000 600.000000 Eta 
0 10000000 0.270000 2.511886e-05 500.000000 600.000000 Eta 
0 10000000 0.270000 1.584893e-05 500.000000 600.000000 Eta 
0 10000000 0.270000 1.000000e-05 500.000000 600.000000 Eta 
617 10000000 0.270000 6.309573e-06 500.000000 600.000000 Eta 
10000 9085042 0.270000 3.981072e-06 500.000000 600.000000 Eta 
10000 1460175 0.270000 2.511886e-06 500.000000 600.000000 Eta 
10000 495242 0.270000 1.584893e-06 500.000000 600.000000 Eta 
10000 283350 0.270000 1.000000e-06 500.000000 600.000000 Eta 
10000 221156 0.270000 6.309573e-07 500.000000 600.000000 Eta 
10000 235171 0.270000 3.981072e-07 500.000000 600.000000 Eta 
10000 338117 0.270000 2.511886e-07 500.000000 600.000000 Eta 
10000 587496 0.270000 1.584893e-07 500.000000 600.000000 Eta 
10000 1153463 0.270000 1.000000e-07 500.000000 600.000000 Eta 
10000 2522686 0.270000 6.309573e-08 500.000000 600.000000 Eta 
10000 5931254 0.270000 3.981072e-08 500.000000 600.000000 Eta 
7020 10000000 0.270000 2.511886e-08 500.000000 600.000000 Eta 
2626 10000000 0.270000 1.584893e-08 500.000000 600.000000 Eta 
1178 10000000 0.270000 1.000000e-08 500.000000 600.000000 Eta 
0 10000000 0.290000 1.000000e-03 500.000000 600.000000 Eta 
0 10000000 0.290000 6.309573e-04 500.000000 600.000000 Eta 
0 10000000 0.290000 3.981072e-04 500.000000 600.000000 Eta 
0 10000000 0.290000 2.511886e-04 500.000000 600.000000 Eta 
0 10000000 0.290000 1.584893e-04 500.000000 600.000000 Eta 
0 10000000 0.290000 1.000000e-04 500.000000 600.000000 Eta 
0 10000000 0.290000 6.309573e-05 500.000000 600.000000 Eta 
0 10000000 0.290000 3.981072e-05 500.000000 600.000000 Eta 
0 10000000 0.290000 2.511886e-05 500.000000 600.000000 Eta 
0 10000000 0.290000 1.584893e-05 500.000000 600.000000 Eta 
1 10000000 0.290000 1.000000e-05 500.000000 600.000000 Eta 
217 10000000 0.290000 6.309573e-06 500.000000 600.000000 Eta 
5673 10000000 0.290000 3.981072e-06 500.000000 600.000000 Eta 
10000 2268704 0.290000 2.511886e-06 500.000000 600.000000 Eta 
10000 623109 0.290000 1.584893e-06 500.000000 600.000000 Eta 
10000 319564 0.290000 1.000000e-06 500.000000 600.000000 Eta 
10000 229255 0.290000 6.309573e-07 500.000000 600.000000 Eta 
10000 228433 0.290000 3.981072e-07 500.000000 600.000000 Eta 
10000 293843 0.290000 2.511886e-07 500.000000 600.000000 Eta 
10000 489479 0.290000 1.584893e-07 500.000000 600.000000 Eta 
10000 937189 0.290000 1.000000e-07 500.000000 600.000000 Eta 
10000 2013238 0.290000 6.309573e-08 500.000000 600.000000 Eta 
10000 4482681 0.290000 3.981072e-08 500.000000 600.000000 Eta 
9123 10000000 0.290000 2.511886e-08 500.000000 600.000000 Eta 
3702 10000000 0.290000 1.584893e-08 500.000000 600.000000 Eta 
1453 10000000 0.290000 1.000000e-08 500.000000 600.000000 Eta 
0 10000000 0.310000 1.000000e-03 500.000000 600.000000 Eta 
0 10000000 0.310000 6.309573e-04 500.000000 600.000000 Eta 
0 10000000 0.310000 3.981072e-04 500.000000 600.000000 Eta 
0 10000000 0.310000 2.511886e-04 500.000000 600.000000 Eta 
0 10000000 0.310000 1.584893e-04 500.000000 600.000000 Eta 
0 10000000 0.310000 1.000000e-04 500.000000 600.000000 Eta 
0 10000000 0.310000 6.309573e-05 500.000000 600.000000 Eta 
0 10000000 0.310000 3.981072e-05 500.000000 600.000000 Eta 
0 10000000 0.310000 2.511886e-05 500.000000 600.000000 Eta 
0 10000000 0.310000 1.584893e-05 500.000000 600.000000 Eta 
0 10000000 0.310000 1.000000e-05 500.000000 600.000000 Eta 
43 10000000 0.310000 6.309573e-06 500.000000 600.000000 Eta 
3443 10000000 0.310000 3.981072e-06 500.000000 600.000000 Eta 
10000 2534977 0.310000 2.511886e-06 500.000000 600.000000 Eta 
10000 652918 0.310000 1.584893e-06 500.000000 600.000000 Eta 
10000 316666 0.310000 1.000000e-06 500.000000 600.000000 Eta 
10000 236366 0.310000 6.309573e-07 500.000000 600.000000 Eta 
10000 236170 0.310000 3.981072e-07 500.000000 600.000000 Eta 
10000 289648 0.310000 2.511886e-07 500.000000 600.000000 Eta 
10000 464617 0.310000 1.584893e-07 500.000000 600.000000 Eta 
10000 906438 0.310000 1.000000e-07 500.000000 600.000000 Eta 
10000 1924449 0.310000 6.309573e-08 500.000000 600.000000 Eta 
10000 4094312 0.310000 3.981072e-08 500.000000 600.000000 Eta 
10000 8928544 0.310000 2.511886e-08 500.000000 600.000000 Eta 
4977 10000000 0.310000 1.584893e-08 500.000000 600.000000 Eta 
2064 10000000 0.310000 1.000000e-08 500.000000 600.000000 Eta 
0 10000000 0.330000 1.000000e-03 500.000000 600.000000 Eta 
0 10000000 0.330000 6.309573e-04 500.000000 600.000000 Eta 
0 10000000 0.330000 3.981072e-04 500.000000 600.000000 Eta 
0 10000000 0.330000 2.511886e-04 500.000000 600.000000 Eta 
0 10000000 0.330000 1.584893e-04 500.000000 600.000000 Eta 
0 10000000 0.330000 1.000000e-04 500.000000 600.000000 Eta 
0 10000000 0.330000 6.309573e-05 500.000000 600.000000 Eta 
0 10000000 0.330000 3.981072e-05 500.000000 600.000000 Eta 
0 10000000 0.330000 2.511886e-05 500.000000 600.000000 Eta 
0 10000000 0.330000 1.584893e-05 500.000000 600.000000 Eta 
0 10000000 0.330000 1.000000e-05 500.000000 600.000000 Eta 
20 10000000 0.330000 6.309573e-06 500.000000 600.000000 Eta 
2629 10000000 0.330000 3.981072e-06 500.000000 600.000000 Eta 
10000 3238421 0.330000 2.511886e-06 500.000000 600.000000 Eta 
10000 726866 0.330000 1.584893e-06 500.000000 600.000000 Eta 
10000 318001 0.330000 1.000000e-06 500.000000 600.000000 Eta 
10000 238308 0.330000 6.309573e-07 500.000000 600.000000 Eta 
10000 239731 0.330000 3.981072e-07 500.000000 600.000000 Eta 
10000 286223 0.330000 2.511886e-07 500.000000 600.000000 Eta 
10000 423850 0.330000 1.584893e-07 500.000000 600.000000 Eta 
10000 779330 0.330000 1.000000e-07 500.000000 600.000000 Eta 
10000 1660387 0.330000 6.309573e-08 500.000000 600.000000 Eta 
10000 3955380 0.330000 3.981072e-08 500.000000 600.000000 Eta 
10000 9492079 0.330000 2.511886e-08 500.000000 600.000000 Eta 
4331 10000000 0.330000 1.584893e-08 500.000000 600.000000 Eta 
1668 10000000 0.330000 1.000000e-08 500.000000 600.000000 Eta 
0 10000000 0.350000 1.000000e-03 500.000000 600.000000 Eta 
0 10000000 0.350000 6.309573e-04 500.000000 600.000000 Eta 
0 10000000 0.350000 3.981072e-04 500.000000 600.000000 Eta 
0 10000000 0.350000 2.511886e-04 500.000000 600.000000 Eta 
0 10000000 0.350000 1.584893e-04 500.000000 600.000000 Eta 
0 10000000 0.350000 1.000000e-04 500.000000 600.000000 Eta 
0 10000000 0.350000 6.309573e-05 500.000000 600.000000 Eta 
0 10000000 0.350000 3.981072e-05 500.000000 600.000000 Eta 
0 10000000 0.350000 2.511886e-05 500.000000 600.000000 Eta 
0 10000000 0.350000 1.584893e-05 500.000000 600.000000 Eta 
0 10000000 0.350000 1.000000e-05 500.000000 600.000000 Eta 
9 10000000 0.350000 6.309573e-06 500.000000 600.000000 Eta 
1846 10000000 0.350000 3.981072e-06 500.000000 600.000000 Eta 
10000 4571155 0.350000 2.511886e-06 500.000000 600.000000 Eta 
10000 858041 0.350000 1.584893e-06 500.000000 600.000000 Eta 
10000 345149 0.350000 1.000000e-06 500.000000 600.000000 Eta 
10000 229723 0.350000 6.309573e-07 500.000000 600.000000 Eta 
10000 219721 0.350000 3.981072e-07 500.000000 600.000000 Eta 
10000 270706 0.350000 2.511886e-07 500.000000 600.000000 Eta 
10000 438735 0.350000 1.584893e-07 500.000000 600.000000 Eta 
10000 806597 0.350000 1.000000e-07 500.000000 600.000000 Eta 
10000 1784643 0.350000 6.309573e-08 500.000000 600.000000 Eta 
10000 4158964 0.350000 3.981072e-08 500.000000 600.000000 Eta 
10000 9039710 0.350000 2.511886e-08 500.000000 600.000000 Eta 
4796 10000000 0.350000 1.584893e-08 500.000000 600.000000 Eta 
2071 10000000 0.350000 1.000000e-08 500.000000 600.000000 Eta 
0 10000000 0.370000 1.000000e-03 500.000000 600.000000 Eta 
0 10000000 0.370000 6.309573e-04 500.000000 600.000000 Eta 
0 10000000 0.370000 3.981072e-04 500.000000 600.000000 Eta 
0 10000000 0.370000 2.511886e-04 500.000000 600.000000 Eta 
0 10000000 0.370000 1.584893e-04 500.000000 600.000000 Eta 
0 10000000 0.370000 1.000000e-04 500.000000 600.000000 Eta 
0 10000000 0.370000 6.309573e-05 500.000000 600.000000 Eta 
0 10000000 0.370000 3.981072e-05 500.000000 600.000000 Eta 
0 10000000 0.370000 2.511886e-05 500.000000 600.000000 Eta 
0 10000000 0.370000 1.584893e-05 500.000000 600.000000 Eta 
0 10000000 0.370000 1.000000e-05 500.000000 600.000000 Eta 
2 10000000 0.370000 6.309573e-06 500.000000 600.000000 Eta 
556 10000000 0.370000 3.981072e-06 500.000000 600.000000 Eta 
10000 7795398 0.370000 2.511886e-06 500.000000 600.000000 Eta 
10000 953298 0.370000 1.584893e-06 500.000000 600.000000 Eta 
10000 339492 0.370000 1.000000e-06 500.000000 600.000000 Eta 
10000 226875 0.370000 6.309573e-07 500.000000 600.000000 Eta 
10000 213144 0.370000 3.981072e-07 500.000000 600.000000 Eta 
10000 271330 0.370000 2.511886e-07 500.000000 600.000000 Eta 
10000 432756 0.370000 1.584893e-07 500.000000 600.000000 Eta 
10000 811213 0.370000 1.000000e-07 500.000000 600.000000 Eta 
10000 1654126 0.370000 6.309573e-08 500.000000 600.000000 Eta 
10000 3766717 0.370000 3.981072e-08 500.000000 600.000000 Eta 
10000 8690817 0.370000 2.511886e-08 500.000000 600.000000 Eta 
4582 10000000 0.370000 1.584893e-08 500.000000 600.000000 Eta 
1844 10000000 0.370000 1.000000e-08 500.000000 600.000000 Eta 
0 10000000 0.390000 1.000000e-03 500.000000 600.000000 Eta 
0 10000000 0.390000 6.309573e-04 500.000000 600.000000 Eta 
0 10000000 0.390000 3.981072e-04 500.000000 600.000000 Eta 
0 10000000 0.390000 2.511886e-04 500.000000 600.000000 Eta 
0 10000000 0.390000 1.584893e-04 500.000000 600.000000 Eta 
0 10000000 0.390000 1.000000e-04 500.000000 600.000000 Eta 
0 10000000 0.390000 6.309573e-05 500.000000 600.000000 Eta 
0 10000000 0.390000 3.981072e-05 500.000000 600.000000 Eta 
0 10000000 0.390000 2.511886e-05 500.000000 600.000000 Eta 
0 10000000 0.390000 1.584893e-05 500.000000 600.000000 Eta 
0 10000000 0.390000 1.000000e-05 500.000000 600.000000 Eta 
14 10000000 0.390000 6.309573e-06 500.000000 600.000000 Eta 
1494 10000000 0.390000 3.981072e-06 500.000000 600.000000 Eta 
10000 4969003 0.390000 2.511886e-06 500.000000 600.000000 Eta 
10000 1040353 0.390000 1.584893e-06 500.000000 600.000000 Eta 
10000 419107 0.390000 1.000000e-06 500.000000 600.000000 Eta 
10000 250936 0.390000 6.309573e-07 500.000000 600.000000 Eta 
10000 217578 0.390000 3.981072e-07 500.000000 600.000000 Eta 
10000 248272 0.390000 2.511886e-07 500.000000 600.000000 Eta 
10000 382338 0.390000 1.584893e-07 500.000000 600.000000 Eta 
10000 718943 0.390000 1.000000e-07 500.000000 600.000000 Eta 
10000 1527667 0.390000 6.309573e-08 500.000000 600.000000 Eta 
10000 3582085 0.390000 3.981072e-08 500.000000 600.000000 Eta 
10000 8510156 0.390000 2.511886e-08 500.000000 600.000000 Eta 
4602 10000000 0.390000 1.584893e-08 500.000000 600.000000 Eta 
1841 10000000 0.390000 1.000000e-08 500.000000 600.000000 Eta 
0 10000000 0.410000 1.000000e-03 500.000000 600.000000 Eta 
0 10000000 0.410000 6.309573e-04 500.000000 600.000000 Eta 
0 10000000 0.410000 3.981072e-04 500.000000 600.000000 Eta 
0 10000000 0.410000 2.511886e-04 500.000000 600.000000 Eta 
0 10000000 0.410000 1.584893e-04 500.000000 600.000000 Eta 
0 10000000 0.410000 1.000000e-04 500.000000 600.000000 Eta 
0 10000000 0.410000 6.309573e-05 500.000000 600.000000 Eta 
0 10000000 0.410000 3.981072e-05 500.000000 600.000000 Eta 
0 10000000 0.410000 2.511886e-05 500.000000 600.000000 Eta 
0 10000000 0.410000 1.584893e-05 500.000000 600.000000 Eta 
0 10000000 0.410000 1.000000e-05 500.000000 600.000000 Eta 
0 10000000 0.410000 6.309573e-06 500.000000 600.000000 Eta 
467 10000000 0.410000 3.981072e-06 500.000000 600.000000 Eta 
10000 8020294 0.410000 2.511886e-06 500.000000 600.000000 Eta 
10000 1314289 0.410000 1.584893e-06 500.000000 600.000000 Eta 
10000 445777 0.410000 1.000000e-06 500.000000 600.000000 Eta 
10000 257361 0.410000 6.309573e-07 500.000000 600.000000 Eta 
10000 215782 0.410000 3.981072e-07 500.000000 600.000000 Eta 
10000 241909 0.410000 2.511886e-07 500.000000 600.000000 Eta 
10000 354537 0.410000 1.584893e-07 500.000000 600.000000 Eta 
10000 673363 0.410000 1.000000e-07 500.000000 600.000000 Eta 
10000 1427783 0.410000 6.309573e-08 500.000000 600.000000 Eta 
10000 3004202 0.410000 3.981072e-08 500.000000 600.000000 Eta 
10000 6604265 0.410000 2.511886e-08 500.000000 600.000000 Eta 
6552 10000000 0.410000 1.584893e-08 500.000000 600.000000 Eta 
2663 10000000 0.410000 1.000000e-08 500.000000 600.000000 Eta 
0 10000000 0.430000 1.000000e-03 500.000000 600.000000 Eta 
0 10000000 0.430000 6.309573e-04 500.000000 600.000000 Eta 
0 10000000 0.430000 3.981072e-04 500.000000 600.000000 Eta 
0 10000000 0.430000 2.511886e-04 500.000000 600.000000 Eta 
0 10000000 0.430000 1.584893e-04 500.000000 600.000000 Eta 
0 10000000 0.430000 1.000000e-04 500.000000 600.000000 Eta 
0 10000000 0.430000 6.309573e-05 500.000000 600.000000 Eta 
0 10000000 0.430000 3.981072e-05 500.000000 600.000000 Eta 
0 10000000 0.430000 2.511886e-05 500.000000 600.000000 Eta 
0 10000000 0.430000 1.584893e-05 500.000000 600.000000 Eta 
0 10000000 0.430000 1.000000e-05 500.000000 600.000000 Eta 
0 10000000 0.430000 6.309573e-06 500.000000 600.000000 Eta 
225 10000000 0.430000 3.981072e-06 500.000000 600.000000 Eta 
8575 10000000 0.430000 2.511886e-06 500.000000 600.000000 Eta 
10000 1540883 0.430000 1.584893e-06 500.000000 600.000000 Eta 
10000 490240 0.430000 1.000000e-06 500.000000 600.000000 Eta 
10000 274579 0.430000 6.309573e-07 500.000000 600.000000 Eta 
10000 228897 0.430000 3.981072e-07 500.000000 600.000000 Eta 
10000 242750 0.430000 2.511886e-07 500.000000 600.000000 Eta 
10000 331216 0.430000 1.584893e-07 500.000000 600.000000 Eta 
10000 577915 0.430000 1.000000e-07 500.000000 600.000000 Eta 
10000 1169857 0.430000 6.309573e-08 500.000000 600.000000 Eta 
10000 2480862 0.430000 3.981072e-08 500.000000 600.000000 Eta 
10000 4952751 0.430000 2.511886e-08 500.000000 600.000000 Eta 
10000 9945617 0.430000 1.584893e-08 500.000000 600.000000 Eta 
4495 10000000 0.430000 1.000000e-08 500.000000 600.000000 Eta 
0 10000000 0.450000 1.000000e-03 500.000000 600.000000 Eta 
0 10000000 0.450000 6.309573e-04 500.000000 600.000000 Eta 
0 10000000 0.450000 3.981072e-04 500.000000 600.000000 Eta 
0 10000000 0.450000 2.511886e-04 500.000000 600.000000 Eta 
0 10000000 0.450000 1.584893e-04 500.000000 600.000000 Eta 
0 10000000 0.450000 1.000000e-04 500.000000 600.000000 Eta 
0 10000000 0.450000 6.309573e-05 500.000000 600.000000 Eta 
0 10000000 0.450000 3.981072e-05 500.000000 600.000000 Eta 
0 10000000 0.450000 2.511886e-05 500.000000 600.000000 Eta 
0 10000000 0.450000 1.584893e-05 500.000000 600.000000 Eta 
0 10000000 0.450000 1.000000e-05 500.000000 600.000000 Eta 
0 10000000 0.450000 6.309573e-06 500.000000 600.000000 Eta 
69 10000000 0.450000 3.981072e-06 500.000000 600.000000 Eta 
6322 10000000 0.450000 2.511886e-06 500.000000 600.000000 Eta 
10000 1691778 0.450000 1.584893e-06 500.000000 600.000000 Eta 
10000 499255 0.450000 1.000000e-06 500.000000 600.000000 Eta 
10000 266164 0.450000 6.309573e-07 500.000000 600.000000 Eta 
10000 214024 0.450000 3.981072e-07 500.000000 600.000000 Eta 
10000 231261 0.450000 2.511886e-07 500.000000 600.000000 Eta 
10000 339477 0.450000 1.584893e-07 500.000000 600.000000 Eta 
10000 609261 0.450000 1.000000e-07 500.000000 600.000000 Eta 
10000 1200157 0.450000 6.309573e-08 500.000000 600.000000 Eta 
10000 2553596 0.450000 3.981072e-08 500.000000 600.000000 Eta 
10000 5444119 0.450000 2.511886e-08 500.000000 600.000000 Eta 
8586 10000000 0.450000 1.584893e-08 500.000000 600.000000 Eta 
3881 10000000 0.450000 1.000000e-08 500.000000 600.000000 Eta 
0 10000000 0.470000 1.000000e-03 500.000000 600.000000 Eta 
0 10000000 0.470000 6.309573e-04 500.000000 600.000000 Eta 
0 10000000 0.470000 3.981072e-04 500.000000 600.000000 Eta 
0 10000000 0.470000 2.511886e-04 500.000000 600.000000 Eta 
0 10000000 0.470000 1.584893e-04 500.000000 600.000000 Eta 
0 10000000 0.470000 1.000000e-04 500.000000 600.000000 Eta 
0 10000000 0.470000 6.309573e-05 500.000000 600.000000 Eta 
0 10000000 0.470000 3.981072e-05 500.000000 600.000000 Eta 
0 10000000 0.470000 2.511886e-05 500.000000 600.000000 Eta 
0 10000000 0.470000 1.584893e-05 500.000000 600.000000 Eta 
0 10000000 0.470000 1.000000e-05 500.000000 600.000000 Eta 
0 10000000 0.470000 6.309573e-06 500.000000 600.000000 Eta 
109 10000000 0.470000 3.981072e-06 500.000000 600.000000 Eta 
7522 10000000 0.470000 2.511886e-06 500.000000 600.000000 Eta 
10000 1690097 0.470000 1.584893e-06 500.000000 600.000000 Eta 
10000 488675 0.470000 1.000000e-06 500.000000 600.000000 Eta 
10000 253227 0.470000 6.309573e-07 500.000000 600.000000 Eta 
10000 210230 0.470000 3.981072e-07 500.000000 600.000000 Eta 
10000 241454 0.470000 2.511886e-07 500.000000 600.000000 Eta 
10000 361262 0.470000 1.584893e-07 500.000000 600.000000 Eta 
10000 618217 0.470000 1.000000e-07 500.000000 600.000000 Eta 
10000 1195001 0.470000 6.309573e-08 500.000000 600.000000 Eta 
10000 2591253 0.470000 3.981072e-08 500.000000 600.000000 Eta 
10000 5722078 0.470000 2.511886e-08 500.000000 600.000000 Eta 
7085 10000000 0.470000 1.584893e-08 500.000000 600.000000 Eta 
2849 10000000 0.470000 1.000000e-08 500.000000 600.000000 Eta 
0 10000000 0.490000 1.000000e-03 500.000000 600.000000 Eta 
0 10000000 0.490000 6.309573e-04 500.000000 600.000000 Eta 
0 10000000 0.490000 3.981072e-04 500.000000 600.000000 Eta 
0 10000000 0.490000 2.511886e-04 500.000000 600.000000 Eta 
0 10000000 0.490000 1.584893e-04 500.000000 600.000000 Eta 
0 10000000 0.490000 1.000000e-04 500.000000 600.000000 Eta 
0 10000000 0.490000 6.309573e-05 500.000000 600.000000 Eta 
0 10000000 0.490000 3.981072e-05 500.000000 600.000000 Eta 
0 10000000 0.490000 2.511886e-05 500.000000 600.000000 Eta 
0 10000000 0.490000 1.584893e-05 500.000000 600.000000 Eta 
0 10000000 0.490000 1.000000e-05 500.000000 600.000000 Eta 
0 10000000 0.490000 6.309573e-06 500.000000 600.000000 Eta 
165 10000000 0.490000 3.981072e-06 500.000000 600.000000 Eta 
7796 10000000 0.490000 2.511886e-06 500.000000 600.000000 Eta 
10000 1780921 0.490000 1.584893e-06 500.000000 600.000000 Eta 
10000 535149 0.490000 1.000000e-06 500.000000 600.000000 Eta 
10000 275690 0.490000 6.309573e-07 500.000000 600.000000 Eta 
10000 224854 0.490000 3.981072e-07 500.000000 600.000000 Eta 
10000 236093 0.490000 2.511886e-07 500.000000 600.000000 Eta 
10000 333583 0.490000 1.584893e-07 500.000000 600.000000 Eta 
10000 546562 0.490000 1.000000e-07 500.000000 600.000000 Eta 
10000 1045254 0.490000 6.309573e-08 500.000000 600.000000 Eta 
10000 2234125 0.490000 3.981072e-08 500.000000 600.000000 Eta 
10000 4992623 0.490000 2.511886e-08 500.000000 600.000000 Eta 
9029 10000000 0.490000 1.584893e-08 500.000000 600.000000 Eta 
3843 10000000 0.490000 1.000000e-08 500.000000 600.000000 Eta 
0 10000000 0.510000 1.000000e-03 500.000000 600.000000 Eta 
0 10000000 0.510000 6.309573e-04 500.000000 600.000000 Eta 
0 10000000 0.510000 3.981072e-04 500.000000 600.000000 Eta 
0 10000000 0.510000 2.511886e-04 500.000000 600.000000 Eta 
0 10000000 0.510000 1.584893e-04 500.000000 600.000000 Eta 
0 10000000 0.510000 1.000000e-04 500.000000 600.000000 Eta 
0 10000000 0.510000 6.309573e-05 500.000000 600.000000 Eta 
0 10000000 0.510000 3.981072e-05 500.000000 600.000000 Eta 
0 10000000 0.510000 2.511886e-05 500.000000 600.000000 Eta 
0 10000000 0.510000 1.584893e-05 500.000000 600.000000 Eta 
0 10000000 0.510000 1.000000e-05 500.000000 600.000000 Eta 
0 10000000 0.510000 6.309573e-06 500.000000 600.000000 Eta 
5 10000000 0.510000 3.981072e-06 500.000000 600.000000 Eta 
2020 10000000 0.510000 2.511886e-06 500.000000 600.000000 Eta 
10000 2656760 0.510000 1.584893e-06 500.000000 600.000000 Eta 
10000 604772 0.510000 1.000000e-06 500.000000 600.000000 Eta 
10000 294141 0.510000 6.309573e-07 500.000000 600.000000 Eta 
10000 219127 0.510000 3.981072e-07 500.000000 600.000000 Eta 
10000 228087 0.510000 2.511886e-07 500.000000 600.000000 Eta 
10000 306610 0.510000 1.584893e-07 500.000000 600.000000 Eta 
10000 506561 0.510000 1.000000e-07 500.000000 600.000000 Eta 
10000 1003854 0.510000 6.309573e-08 500.000000 600.000000 Eta 
10000 2279055 0.510000 3.981072e-08 500.000000 600.000000 Eta 
10000 5475711 0.510000 2.511886e-08 500.000000 600.000000 Eta 
7306 10000000 0.510000 1.584893e-08 500.000000 600.000000 Eta 
2923 10000000 0.510000 1.000000e-08 500.000000 600.000000 Eta 
0 10000000 0.530000 1.000000e-03 500.000000 600.000000 Eta 
0 10000000 0.530000 6.309573e-04 500.000000 600.000000 Eta 
0 10000000 0.530000 3.981072e-04 500.000000 600.000000 Eta 
0 10000000 0.530000 2.511886e-04 500.000000 600.000000 Eta 
0 10000000 0.530000 1.584893e-04 500.000000 600.000000 Eta 
0 10000000 0.530000 1.000000e-04 500.000000 600.000000 Eta 
0 10000000 0.530000 6.309573e-05 500.000000 600.000000 Eta 
0 10000000 0.530000 3.981072e-05 500.000000 600.000000 Eta 
0 10000000 0.530000 2.511886e-05 500.000000 600.000000 Eta 
0 10000000 0.530000 1.584893e-05 500.000000 600.000000 Eta 
0 10000000 0.530000 1.000000e-05 500.000000 600.000000 Eta 
0 10000000 0.530000 6.309573e-06 500.000000 600.000000 Eta 
6 10000000 0.530000 3.981072e-06 500.000000 600.000000 Eta 
1975 10000000 0.530000 2.511886e-06 500.000000 600.000000 Eta 
10000 3600653 0.530000 1.584893e-06 500.000000 600.000000 Eta 
10000 744026 0.530000 1.000000e-06 500.000000 600.000000 Eta 
10000 327370 0.530000 6.309573e-07 500.000000 600.000000 Eta 
10000 221594 0.530000 3.981072e-07 500.000000 600.000000 Eta 
10000 209977 0.530000 2.511886e-07 500.000000 600.000000 Eta 
10000 283179 0.530000 1.584893e-07 500.000000 600.000000 Eta 
10000 484828 0.530000 1.000000e-07 500.000000 600.000000 Eta 
10000 960839 0.530000 6.309573e-08 500.000000 600.000000 Eta 
10000 2001680 0.530000 3.981072e-08 500.000000 600.000000 Eta 
10000 4162617 0.530000 2.511886e-08 500.000000 600.000000 Eta 
10000 9061824 0.530000 1.584893e-08 500.000000 600.000000 Eta 
4750 10000000 0.530000 1.000000e-08 500.000000 600.000000 Eta 
