           0.0411557         -0.00547731          -0.0414671           0.0552035
           0.0411557         -0.00547731           0.0021114             0.05431
            0.936554        -0.000444461           -0.198353           0.0363343
            0.936554        -0.000444461           -0.276836           0.0458875
             1.40037          0.00421339           -0.383498           0.0388184
             1.40037          0.00421339           -0.407939            0.038669
                   0                   0                   0                   0
                   0                   0                   0                   0
                   0                   0                   0                   0
                   0                   0                   0                   0
                   0                   0                   0                   0
                   0                   0                   0                   0
           0.0278491         0.000492516          -0.0457385           0.0624585
           0.0278491         0.000492522          -0.0607147             0.05794
          -0.0503832         0.000406539            0.150169            0.066019
          -0.0503832         0.000406539            0.172412           0.0646579
           -0.559112         1.53096e-05         -0.00334809           0.0727087
           -0.559112         1.53096e-05        -0.000334421           0.0624968
           -40.709468        -0.000355982           -0.298972           0.0407267
           -40.709468        -0.000355982           -0.301351           0.0392822
           -40.811836        -0.000351272           0.0380534           0.0316165
           -40.811836        -0.000351272           0.0397804           0.0308991
            -40.54265        -0.000159854            0.376155           0.0384667
            -40.54265        -0.000159854            0.379188           0.0397302
            -40.80359        -0.000420629           -0.142537           0.0437667
            -40.80359        -0.000420629           -0.140752           0.0434648
            -41.06712        -0.000376356           0.0807184           0.0361837
            -41.06712        -0.000376356           0.0817404           0.0349867
           -40.818971        -0.000129999            0.290204           0.0472592
           -40.818971        -0.000129999            0.292514            0.051167
